4.102682
4.069936
3.676063
3.560244
4.011395
4.443503
2.340354
3.637557
4.002503
3.358634
3.435165
3.785967
3.533490
4.543764
3.309857
2.756040
2.745373
2.919843
3.699010
3.586952
4.334989
3.585419
2.821234
3.045952
2.469672
4.001972
4.025802
2.850433
3.342383
3.821972
4.268414
4.535141
3.776097
3.482519
3.136288
4.013729
3.766773
2.662495
3.168165
3.543471
3.730453
3.138852
3.358551
3.907806
4.091076
3.171551
4.075822
4.044993
4.324263
3.486037
3.671087
4.450080
3.783393
4.217375
4.000931
4.197670
4.018125
3.861602
4.050659
3.311538
4.093099
3.938979
3.826269
3.387458
3.774243
3.282992
3.125662
3.753157
3.380687
3.781031
2.657293
4.085942
3.588761
3.164536
3.035382
2.894571
3.390523
3.771392
4.148911
3.530874
3.085210
4.375868
4.440823
4.284973
4.658380
3.179273
2.842409
3.270009
2.277405
4.311086
2.949432
4.592393
4.230534
4.421229
4.279291
4.038986
3.336091
4.038564
3.148181
3.502514
3.926102
3.680428
3.960782
3.250894
2.851459
3.419540
3.217547
4.491858
3.963857
3.292414
4.047743
3.829420
3.228841
4.096564
3.493349
3.022306
4.273082
4.384022
2.012900
3.897605
4.241957
3.645614
2.868439
3.913870
2.985289
3.863551
2.621014
3.322788
4.335072
3.047339
3.418457
3.618118
2.938408
3.664896
4.311010
3.400802
3.652836
3.909526
3.931051
3.201965
4.190783
3.403135
3.602398
4.676708
3.974061
3.867252
4.141671
2.783946
2.962384
3.004069
3.745807
2.964206
2.616028
4.018588
4.386156
2.393888
3.891291
4.221035
1.772020
3.403377
3.134928
4.035494
3.684752
2.606473
3.432872
3.676553
3.633685
3.610779
2.141915
4.230463
3.706966
4.138047
3.913642
4.205914
2.685551
3.358106
3.134337
3.433806
3.840677
2.500703
3.365270
3.027069
3.518894
3.890023
4.297435
3.010539
2.477081
2.905566
4.029169
3.214031
4.150867
2.762885
4.117662
4.465209
4.441162
4.276792
3.297214
4.036547
2.992398
3.967927
4.269384
4.173996
4.551372
3.284506
4.214631
3.202007
3.316788
4.882781
3.675862
3.545360
3.404731
4.014607
2.354559
3.380672
3.867751
3.843223
3.544369
3.916778
3.968138
3.707280
3.677720
3.797206
3.960924
4.228526
3.094729
3.942271
3.180140
3.219535
4.149735
3.358716
4.082157
4.173165
4.293768
3.378615
3.414439
3.990925
3.968441
3.216658
3.996595
3.179020
2.970403
3.500819
3.589808
2.295416
3.959446
3.718097
2.763082
3.940211
3.710982
1.979415
4.087670
3.818669
4.302450
3.538171
4.180894
3.624667
2.295542
3.105057
2.130457
3.617212
4.049110
4.863080
3.654553
4.595211
3.410577
4.119653
3.537519
3.490044
3.417937
2.005736
3.251155
3.619181
3.844020
2.491032
4.059918
3.481000
4.361892
4.034481
3.222674
3.023570
3.684320
4.278103
4.195989
4.452492
2.033289
3.603501
3.596022
4.213562
3.955928
3.421662
2.918644
3.085695
3.559586
3.810404
3.638275
4.144247
4.133174
3.676272
4.446938
3.896589
2.557928
3.775413
3.389963
3.365532
3.293817
3.090104
4.030248
3.493422
3.006938
2.831541
2.834482
3.406466
2.820617
3.427659
4.060098
3.181249
3.607204
3.544672
4.591681
4.035472
4.015854
3.530679
4.189234
4.107887
3.564992
4.550546
2.397687
4.614410
2.916759
3.477869
3.615723
4.089605
3.537711
3.926302
2.009494
4.139248
4.349521
3.896151
2.683423
3.957681
3.257634
2.914549
3.375854
3.427836
2.869857
2.354406
2.960631
3.559721
2.872456
3.161426
3.331367
3.547474
3.322630
4.181495
2.999686
3.678978
2.297529
3.701187
3.591056
4.361443
3.193969
3.623003
3.345403
4.057113
3.485037
4.408678
3.089655
4.467976
3.278479
3.790968
3.015928
3.410781
4.524103
3.306052
3.167266
4.503197
3.714099
3.402026
3.388240
2.729596
4.048004
3.496712
3.558476
3.784446
3.631052
4.231354
4.262584
3.414718
2.743387
2.656124
2.814593
3.218747
3.987104
3.576606
3.274108
3.685602
3.477711
3.748658
2.636543
4.251631
2.754889
3.588426
3.717430
3.603900
4.553185
4.437022
3.993174
2.666199
3.615302
3.268519
3.594779
4.086318
3.612011
3.534963
3.377306
4.262655
4.116568
4.467794
3.885175
3.850315
3.881687
3.811089
2.999150
3.871676
3.078306
2.964775
3.984465
3.456496
3.370814
4.139148
3.491241
2.920591
3.288339
3.185773
3.609448
4.743469
3.892729
3.405659
3.249856
3.769656
2.912839
3.958072
3.670806
3.144764
3.109556
4.266506
2.790441
4.098586
2.999046
3.674683
3.700736
4.821248
3.978295
3.466172
2.717332
3.764303
4.102748
3.068622
2.999280
3.660870
3.419585
2.876031
2.894643
3.744756
4.104513
3.983277
2.437678
3.567474
4.117944
2.864458
3.032430
3.981130
2.897603
3.774658
3.953263
3.824185
3.652855
3.993529
3.414099
2.455239
3.651035
2.905361
3.717844
3.330067
3.599747
4.017730
3.801083
3.346306
4.103270
4.032024
3.630575
2.913823
3.738221
4.357477
3.963532
4.328348
3.613968
3.689703
4.211697
3.267352
3.761149
3.281286
4.807305
3.902557
3.053793
3.099488
4.041872
3.597364
4.754443
2.950179
3.624819
3.312029
1.948901
3.847949
2.749240
3.929133
3.797148
3.606920
4.367644
3.085839
4.074547
3.561769
3.820006
2.924586
3.474761
3.265501
4.077965
3.587430
3.372159
3.495456
3.074350
4.001453
3.384055
4.418294
4.358076
4.171088
4.082528
3.983067
3.629964
3.255406
3.898608
3.677650
4.078423
3.150036
2.613009
3.474236
3.700923
3.602090
3.944711
2.844955
3.678080
2.836821
4.015053
2.806375
2.693719
3.927595
4.097626
3.572256
3.985947
3.323305
3.969042
4.259077
4.091862
3.938150
3.734603
3.473220
4.383062
3.689818
4.343979
3.547726
3.624748
4.040331
4.293971
2.921498
4.312157
4.556139
3.970371
3.810765
4.118908
4.457880
3.465246
3.192512
3.796937
3.650811
1.922238
3.854343
2.325259
4.198761
4.046199
4.162779
3.862537
3.707336
3.903074
3.533361
3.943301
3.889328
3.776769
3.675687
3.542911
2.084728
2.546503
4.319318
2.786331
4.207054
3.222198
3.904797
4.451200
2.782149
4.427184
3.532822
4.128198
3.951071
3.778266
3.353961
3.819088
3.243270
3.722370
3.047560
3.541796
4.759294
3.269612
3.351405
2.332522
4.624047
3.511205
2.595157
3.640239
3.421268
3.323811
4.179829
3.929012
4.064786
4.088774
2.284133
3.882259
2.595541
3.702269
3.414731
4.473394
3.738212
2.692084
3.396277
2.585699
2.218853
3.750859
3.000219
3.240899
3.486637
4.061265
4.210283
2.474220
3.253078
4.007513
3.682958
3.529134
3.785630
3.623795
2.582755
3.620628
2.900219
4.010639
3.798494
2.958434
3.297039
4.118774
4.412220
3.896000
4.105213
2.923879
3.837108
4.238896
4.359738
2.941895
3.492888
3.227554
2.936288
4.437702
3.383233
2.844125
3.110325
3.042623
3.648704
3.471886
3.596305
3.356696
3.035173
3.417647
3.908961
3.826289
3.111399
3.413943
3.945968
4.028350
3.881193
3.562587
4.240207
3.950641
4.338819
3.087818
3.616925
3.157822
4.239395
4.404385
3.285812
3.679380
4.126229
3.286424
2.161329
4.025533
2.927246
3.251120
3.731945
4.005084
3.919817
4.283054
4.076666
3.987069
4.083808
3.928454
2.542179
4.111880
3.107062
4.022516
3.622560
3.550149
2.890736
3.689535
3.165692
3.837699
2.873993
3.253998
3.759854
2.648765
3.454821
3.912867
3.355715
3.195512
3.533146
4.222791
3.228594
4.742081
3.622743
3.471568
2.657528
3.720669
3.771996
3.193819
3.871717
3.649135
3.303969
4.141998
3.427553
3.855893
3.127898
2.824117
3.488936
2.469867
3.159044
4.031329
3.903260
3.640488
3.213898
3.454006
3.828453
3.294912
3.507201
4.296710
3.776095
3.742097
3.900723
3.747345
1.534318
3.675609
4.268120
4.107419
3.435790
3.347476
2.746518
3.521418
4.175748
3.676547
4.238867
3.234663
3.125412
1.166131
3.092776
3.193446
3.842450
3.670785
3.615794
2.145951
3.674092
3.974449
3.150834
2.469076
3.729419
3.955002
2.917857
3.617209
4.007641
3.798667
3.890330
2.362098
3.488157
3.340124
3.815606
3.537559
4.132835
3.507683
3.756642
3.004271
3.489464
4.106131
4.318971
2.472824
3.349793
4.710333
3.388124
3.998930
3.591410
3.515826
3.432735
3.811347
3.913969
2.730303
2.381831
3.697351
3.478253
3.584200
3.998001
4.020600
3.634873
3.039482
3.263232
3.528022
4.670947
3.452398
3.492660
3.430614
3.719234
3.357857
3.024527
4.140738
3.159772
3.537531
3.455962
3.768105
3.612293
4.171593
3.431905
3.707027
4.460919
3.051294
4.073108
4.763116
2.105145
3.788652
2.470439
2.478661
3.320286
2.819276
4.234422
3.959793
3.228325
3.972087
3.974060
3.743826
4.119653
3.637934
3.649790
3.610924
4.158523
3.281305
3.407904
3.321830
3.293162
4.143778
3.493062
3.525669
3.584581
3.678793
3.933667
2.408820
3.672395
4.436248
3.254621
2.882040
3.337080
4.082918
3.215803
3.713047
2.716448
3.266965
3.677031
2.793345
4.011099
2.825826
3.595227
3.716266
3.706074
3.824107
3.402981
3.100615
4.204404
3.660230
2.955200
3.979283
4.132176
3.021609
3.385692
3.695844
3.193979
3.482171
3.611860
3.444111
3.930643
3.342608
2.482634
2.442919
2.881295
3.828531
3.476874
3.028731
3.260552
3.033563
2.460925
3.383053
3.914325
4.125882
2.697033
2.790370
4.007811
3.134994
2.715836
4.184196
3.527815
3.944664
3.839463
1.998341
3.055902
3.514792
4.093453
3.255814
3.479805
2.355320
1.835327
3.696097
3.344583
4.315034
3.024734
4.649684
3.870349
3.913246
2.817258
4.330708
4.151336
4.066715
3.057041
4.170684
4.520496
2.999165
4.081550
4.370265
3.686083
4.080994
3.734069
3.240785
3.034591
3.549779
4.331577
3.903871
4.104945
4.218132
3.964159
2.594597
3.874362
3.936505
3.017681
3.872713
2.685374
2.774005
3.676884
4.239491
4.303469
3.534577
3.078535
2.866612
3.275017
2.651072
4.048431
3.148533
4.727258
4.362670
4.293997
3.568205
3.353139
4.007566
3.546640
3.649699
3.127850
2.464032
3.650677
3.691561
3.511674
4.034433
4.400904
3.652604
4.021193
2.919709
4.289034
2.733708
3.327915
3.376020
3.164848
3.542984
3.624313
2.843746
3.540596
4.387396
3.125115
3.725202
3.363107
4.568889
4.152644
3.794979
2.186709
3.522149
3.341164
2.899249
4.102516
2.995113
3.542673
2.993465
3.008076
3.916620
3.314777
3.888299
3.879566
2.219116
2.679631
3.671195
3.303401
3.711481
3.399871
3.156050
3.523622
4.614456
2.921457
3.111335
3.920548
3.226260
3.394054
3.655724
4.114529
2.944724
3.911271
4.096363
4.013619
1.828123
4.586133
3.777159
3.431334
3.554867
3.667952
4.146785
3.136534
3.961183
2.473621
4.105287
4.169727
2.466736
2.063426
3.248698
2.905383
3.551829
3.594880
4.270022
4.081208
3.545083
3.404069
4.075344
4.441645
3.390586
2.076309
3.079382
3.619150
3.185861
1.562640
2.818058
3.501906
3.818130
3.758075
4.832116
3.875482
4.708996
3.345037
4.097308
3.129554
2.892857
2.759045
3.753359
3.266568
3.929030
3.613359
3.440476
3.119807
2.700796
3.094972
3.569488
3.974513
3.778710
3.335268
3.712735
2.902582
3.716013
3.550172
3.679409
3.844668
2.059842
3.866376
3.503139
3.004250
3.251772
3.852594
3.503188
3.623810
3.717513
2.438368
4.277886
3.901077
4.065684
3.635672
4.073684
2.831060
3.524934
3.636385
3.728382
3.123254
4.108733
4.232352
3.746559
3.291519
3.793900
3.392492
2.598049
3.466701
3.365793
3.097000
3.284458
4.348587
3.433445
4.070822
2.926099
3.916068
3.920348
3.279299
3.435637
3.350526
3.322234
4.244353
3.358452
2.525419
2.780338
2.741848
2.964863
2.180087
3.764246
3.727199
3.130940
4.543259
2.845716
3.572222
2.772603
3.918890
3.952137
4.014425
4.078108
3.178877
3.627978
4.200639
3.989461
3.510899
3.120455
4.111986
3.372498
4.267559
3.032987
3.762861
3.168085
2.901322
3.218178
3.718281
2.734760
3.770184
3.087880
2.474922
3.552614
3.978077
4.439555
3.160221
3.000748
3.180883
3.742613
2.233396
4.236478
3.891921
3.892908
3.398651
2.497177
3.035997
3.902111
2.115576
3.845623
2.649612
3.261137
3.585512
4.001130
3.453107
3.660758
4.644880
3.463010
2.955693
4.170496
3.908807
3.829716
3.690858
3.201911
3.601938
3.750788
3.919570
4.180384
2.714043
3.894734
2.733826
2.806918
3.835532
3.198963
3.431300
4.678552
4.642245
3.157879
2.861890
4.712721
2.559666
2.431652
3.502387
4.105365
3.879727
4.087826
3.415925
4.013948
4.154920
4.098431
3.465983
4.080044
3.248340
3.461990
3.039025
3.253339
3.283276
3.495110
4.008319
3.737580
2.833889
3.560560
2.972928
3.009405
3.706010
3.849474
4.136826
3.299142
4.106325
2.760000
2.521746
3.499360
4.092903
4.748541
4.177135
4.332468
2.997558
3.735635
2.470708
4.147249
2.882788
4.084988
3.834519
3.442010
3.569447
3.646366
2.736310
3.437881
3.464987
3.981406
2.317213
4.130056
4.226074
3.738772
3.746799
3.999225
3.812570
4.226386
4.021773
3.689144
3.623952
2.408931
4.059916
3.920453
3.442853
3.442421
3.925694
2.561716
2.691977
2.343428
3.822797
3.251741
2.922089
4.263691
3.551514
4.623771
4.163100
4.154078
2.928204
3.977538
3.020084
3.845748
4.287247
3.510002
2.750012
4.270819
3.600560
3.323815
3.733892
3.378312
2.955190
4.254792
3.009443
4.640541
3.809594
3.041348
3.845947
2.905173
3.725987
3.226303
3.665305
2.929565
3.777552
3.514576
3.169669
3.644141
3.956809
3.789940
3.624377
3.966978
3.796796
3.103780
4.132020
2.553833
4.000278
3.950966
3.621153
2.846932
3.914466
2.831708
3.439453
3.044383
4.321275
3.934155
3.513759
3.245758
3.354769
4.275929
3.412347
2.701409
3.380877
3.099274
3.886019
3.614567
2.235267
4.379868
3.732484
3.974347
3.204249
3.975440
3.545816
4.378615
3.790497
2.972022
3.408329
3.713256
2.487677
3.576284
3.226992
3.437129
3.881452
4.133708
3.287941
3.043372
3.319410
2.815777
3.037790
4.022900
3.184630
3.564383
2.988100
2.414856
3.086370
3.640105
3.174412
3.383953
3.519141
4.330367
2.225937
4.194767
3.451634
3.820205
2.720454
3.625953
3.258994
4.074984
4.016220
3.074139
3.908558
4.082590
4.295472
3.371353
4.008635
2.676048
3.586484
1.903982
3.586440
3.693836
3.994436
3.559820
2.876106
4.352527
3.847845
3.809143
3.858540
4.319626
3.088465
2.356029
4.507478
2.278008
3.814077
3.837352
3.120372
3.842508
4.032287
4.251920
3.142998
3.217815
4.433283
4.158396
3.455975
3.011149
3.463199
3.457868
3.096225
4.336641
3.783649
3.708664
3.017064
4.028592
3.042133
4.416849
3.940762
3.769009
1.705367
2.583424
3.633147
3.054162
4.069368
3.963681
2.892632
4.384941
2.703085
3.935280
2.504075
3.876598
3.976594
2.983507
4.626463
3.856919
3.588363
3.924198
4.032297
3.438610
3.764419
2.437764
3.505052
3.831305
4.284648
4.365252
3.415453
3.773503
3.370712
3.677270
3.414862
2.806751
3.361449
3.167513
3.427558
3.642184
3.032866
3.897202
3.122708
3.774081
3.534979
3.671471
4.541973
3.264977
3.098282
3.389078
4.197362
4.056605
3.717086
3.755523
3.534182
3.386884
3.283006
3.252835
2.349088
3.426166
3.996666
4.522989
3.769564
4.236854
3.307746
2.180478
4.279301
3.955043
3.351613
3.915405
4.302099
4.078166
3.860631
4.008942
3.808252
2.710625
4.200082
3.750146
3.712735
2.946906
4.312117
3.694770
2.356156
4.354414
3.391003
2.993845
3.078175
4.399476
4.065927
4.311926
4.107468
3.291999
3.766444
3.726900
3.342008
3.792190
3.352234
3.555405
3.236639
2.880307
3.994183
4.040679
4.148606
3.258548
3.631586
3.775726
3.302181
3.914386
2.878074
4.013896
3.706469
3.975683
3.228869
4.555523
3.644820
3.511710
3.325240
4.629427
3.797014
3.632249
4.077736
3.512085
3.179517
3.848020
4.595090
2.845100
2.204782
3.652227
3.597994
4.024466
3.640939
3.799525
3.153316
3.833826
1.594391
3.852033
3.659548
3.417113
3.866024
2.962091
2.767606
2.706067
4.007023
2.978202
3.107069
4.281263
4.312556
4.150535
3.496146
3.799847
2.990492
3.844879
3.255833
3.615881
4.370093
3.986875
4.043832
3.457981
2.946631
4.058989
4.163941
3.561536
3.143225
2.877039
4.079086
3.049957
4.060036
3.463371
2.323899
3.528331
2.797689
3.422421
3.234578
3.050421
4.171481
3.524042
3.882007
3.894062
3.352325
3.763794
3.402014
2.886707
3.712379
3.221263
4.236099
3.941480
2.646194
4.061624
3.651098
3.601918
3.959243
4.343725
2.129718
1.453569
3.083172
2.912661
2.932788
3.589440
4.128868
2.444097
2.830971
4.093235
2.454718
4.025421
2.547876
4.475532
3.189114
3.484297
3.689399
4.000312
3.445016
3.083072
3.191731
4.277362
3.289639
3.051005
3.223509
3.536573
2.793054
4.291867
3.981059
3.051938
4.227014
4.146493
3.264301
3.942799
4.067004
3.260833
3.363071
2.722487
3.433930
3.934876
3.875375
2.215054
3.729578
3.637778
3.829972
2.820766
3.618241
4.194903
4.255886
3.575560
4.672920
3.398359
2.552165
3.464260
3.786699
3.350412
3.916732
3.386675
4.058418
3.624847
3.208848
3.412232
3.429446
2.642496
3.073222
2.987280
2.611344
3.427197
3.745146
3.580728
3.483172
4.197319
4.000621
3.554215
3.485202
4.793233
3.179618
3.802116
4.169322
4.249414
3.580175
3.847412
3.289970
3.267219
2.540096
3.411597
3.100492
3.949662
4.082994
3.584207
3.820506
3.444936
3.382652
4.058976
3.903448
1.222196
3.838390
4.021134
3.714986
3.794143
2.827265
4.266599
4.396222
3.414023
5.000000
2.574103
4.574496
3.376683
3.277687
3.936437
3.615665
3.252326
3.763786
3.081124
2.747889
3.969447
3.733864
4.449151
3.782626
3.723215
4.185580
3.050956
3.765813
4.182891
3.168162
3.894940
4.183833
3.423789
3.685230
2.941802
3.685607
4.004806
3.798873
3.335723
3.832983
3.557178
4.230210
2.514187
3.734803
2.573533
3.868768
4.197080
2.805652
3.220988
4.014889
4.051396
3.571905
3.537129
3.506360
3.904464
3.437752
3.738273
4.268394
3.795611
2.699215
3.502027
3.726423
3.610052
3.602319
3.638100
2.887993
4.523090
4.062758
3.282089
3.973610
3.743374
4.022211
4.431681
3.046579
4.312484
3.750973
3.653311
2.932523
3.454060
2.872611
3.565573
4.103063
2.879957
3.742059
3.275519
3.382892
4.229073
3.609751
2.446096
3.413485
4.405833
3.913919
3.269537
3.511490
3.050133
3.711390
4.275077
4.292747
3.337398
2.327658
3.175331
3.689883
3.687387
4.005072
3.883221
3.940856
3.739521
3.451581
4.053489
3.312272
3.414323
3.864677
3.522036
4.008989
3.368643
2.864144
3.715451
3.383926
4.584874
3.702087
3.556447
4.066330
3.927223
2.393971
4.791282
3.901770
3.592552
3.524487
4.494667
2.019444
2.775184
3.562153
2.673536
3.609579
4.207684
4.282861
3.228391
4.293702
4.007934
4.337253
2.885353
2.122091
3.951249
3.676390
3.280893
3.520662
3.371891
3.845393
3.454956
3.574048
2.945343
3.705094
3.388624
4.241040
4.774990
3.428575
3.043297
3.819060
3.108096
3.278781
4.424257
3.752956
3.930894
4.424733
3.140040
4.243894
3.261899
2.868784
3.309043
4.056464
4.091998
3.895393
3.898313
3.445926
3.220378
4.018653
3.216280
4.521102
3.803083
2.973470
2.428982
3.721357
4.452250
2.956930
3.576923
3.496500
2.805186
3.943922
3.693019
2.290845
3.491997
4.182454
3.615072
3.650659
3.737987
2.994622
2.539616
3.409916
3.136863
3.323137
3.624162
3.984972
2.758233
3.746854
3.265533
3.349770
4.765459
2.537571
2.260280
3.673900
4.124637
3.924491
2.574741
4.451983
3.632241
3.553505
3.415822
2.674396
2.691392
2.479108
3.091095
3.250091
3.133670
3.920606
3.994853
3.568235
3.314051
4.078170
3.191971
2.381805
3.979268
3.831953
4.607182
3.890674
3.547620
3.449904
2.587480
2.966079
2.719273
2.801585
3.932392
3.996681
3.007349
3.616839
2.666500
4.290949
2.639123
3.519340
3.398440
2.895236
3.400848
3.640379
4.094098
4.033946
3.315602
3.911280
3.810170
3.254794
3.957876
3.411948
3.911173
4.288622
3.710510
3.311805
4.198776
3.513294
3.295163
3.476497
3.893411
3.642069
3.978003
4.131984
4.340861
3.504274
1.481892
3.911099
3.357916
4.443851
3.150270
4.262213
3.481899
1.649644
3.760060
2.555042
3.116798
3.176463
3.616416
3.663307
3.790003
2.642377
3.888703
2.581826
4.119363
4.771392
3.435255
3.049416
2.763076
3.779847
3.367486
3.790428
3.409208
3.771321
3.056719
3.668250
3.195359
2.752456
3.829397
3.787749
3.627685
4.301251
3.189981
2.837193
2.935119
4.211127
4.334887
3.357885
3.497499
3.483876
4.370772
3.604662
4.610946
3.673869
3.331174
3.379504
3.405028
2.924381
3.866937
3.163865
2.681466
2.568831
2.591878
3.902775
3.291579
3.637126
3.813930
3.552668
4.538951
4.251386
3.968396
3.757961
3.270792
3.251879
3.098875
4.125898
3.897330
4.734954
2.968707
3.304870
2.241291
4.198081
3.714583
2.113590
3.952128
4.064152
3.210686
3.555648
3.396850
3.425961
3.310826
3.272138
3.323158
2.904359
2.518270
3.696085
4.089143
3.581126
3.058605
2.723842
3.898464
3.267919
2.218533
3.784556
3.929740
2.460292
3.800450
3.368903
3.448703
3.057390
3.326859
3.414717
3.592966
3.767089
3.978895
3.637300
2.978985
3.163639
2.384761
3.036255
3.904844
2.910350
3.492372
3.924418
3.154838
2.806272
2.657963
3.892601
3.297149
3.479407
1.683824
4.321179
3.906298
3.285218
3.475026
3.472889
3.666771
3.958469
3.249875
4.050346
3.535069
3.087664
3.680672
3.264828
3.108274
3.840625
3.125854
2.811786
3.443553
2.533655
3.408334
3.918621
3.886485
4.219755
3.476102
2.515564
3.927919
4.203810
3.798307
4.118464
4.134199
3.322875
3.425323
4.687255
4.039082
3.021647
2.824511
3.844105
3.808886
3.501818
2.377343
3.331338
2.496422
4.559817
3.228149
2.896979
3.582601
2.725479
3.188470
3.269879
3.710107
3.636723
3.410872
2.888972
2.864010
3.992371
3.929495
3.266418
2.055610
3.286634
3.905524
2.824406
4.253664
3.931990
3.272975
5.000000
3.772598
4.007540
3.402957
2.289250
3.491743
3.616336
2.793610
3.967838
3.004667
2.818686
3.738509
3.030357
3.509595
1.079838
3.635167
3.122971
3.290578
3.042119
3.119059
1.778718
3.858550
3.549497
3.681510
3.797173
2.699259
3.611203
4.105393
3.153776
3.790377
2.909926
4.317076
2.966280
3.807690
1.967366
3.979361
4.358665
4.087261
2.620713
4.237241
3.226036
2.735455
4.112718
2.889196
4.594773
3.775628
2.929880
3.456401
2.960920
3.957553
3.413711
3.790774
3.745748
3.570950
1.910927
3.666948
3.635615
2.875125
3.727450
3.922544
4.427201
4.004427
4.345604
3.106144
3.518676
3.926011
2.801210
4.292360
2.888821
3.522651
2.856440
3.334676
2.292484
3.651731
2.529161
4.140507
3.767747
3.436867
3.704571
3.171052
2.826465
2.203675
2.844935
3.664800
3.399723
4.181348
3.560469
3.092870
4.308046
3.785442
3.550027
2.166534
3.655888
2.945452
3.948098
3.764875
2.955113
3.566920
3.648925
3.380365
3.762775
3.747568
3.443016
2.621374
2.765777
3.310009
2.336713
3.093160
4.421257
3.009845
1.705686
4.586750
3.127623
3.436835
3.189306
3.104216
1.537180
3.823447
3.996845
3.797841
3.077795
4.330543
2.895831
3.394336
3.787859
3.819250
1.536346
4.271143
2.958745
3.576057
3.328306
2.712557
2.895559
4.137936
3.578415
3.117880
4.311567
3.401227
3.602308
3.082467
3.780960
4.057840
3.752906
4.018353
3.360904
3.158062
3.183731
4.521368
3.347127
3.932585
3.060747
2.867199
3.751989
3.265353
3.260268
2.893760
3.440808
4.025019
3.683399
3.542233
4.453232
3.476184
3.078975
3.757317
2.979658
3.712841
2.934539
3.407884
3.449394
3.347061
1.976564
4.474697
2.236787
3.563723
4.495773
2.921221
2.417336
3.355381
2.551155
2.840358
4.409938
3.449057
3.730429
3.335932
3.561562
3.156779
3.921098
2.842890
3.627231
4.123983
3.840027
4.180131
3.066272
2.302850
3.645870
3.390453
3.955181
3.375232
3.144071
3.293489
3.297500
3.857274
4.092155
3.134257
3.827271
2.103405
4.127117
3.088617
3.880468
3.718357
4.316929
3.203181
3.818484
4.099560
3.864268
4.222117
3.373061
4.255236
3.981167
2.194029
3.168586
3.818342
4.190886
3.629280
3.055184
3.637698
3.743346
4.428265
4.080825
4.003834
2.715980
3.132402
4.627168
3.768025
2.074422
3.537443
3.906646
3.024524
3.395099
4.009296
3.526038
3.436841
2.373622
3.064493
3.769249
4.098599
3.577781
3.869951
3.137427
2.736280
4.026434
2.745601
3.259335
3.822530
3.763599
3.906159
3.783604
3.440035
3.778792
3.822195
3.725089
3.165445
4.169105
4.031451
3.544145
3.699911
2.356711
3.792513
4.163437
3.360713
3.002354
4.043795
3.646743
4.027887
4.105360
2.664666
4.624203
4.217380
2.842765
4.117338
3.423333
2.443402
3.689910
3.771984
4.160453
4.378609
1.994325
3.923458
4.428123
4.282906
3.197111
3.409191
2.141325
3.862288
3.593074
3.907593
3.163663
2.773418
4.066424
3.875135
3.214141
3.572632
4.454033
3.660223
3.615931
3.673595
3.765265
4.211295
3.366228
3.597803
2.883307
2.919374
3.760602
3.563505
3.992859
2.421097
4.154438
4.480424
4.012014
3.428501
2.322255
3.396743
3.702862
4.154393
3.672795
3.931740
3.194024
3.283133
2.793029
3.268630
4.339457
3.721720
4.901538
4.240128
4.056887
3.213590
4.047147
3.209796
4.203950
3.579991
3.630457
2.694912
3.540934
2.543450
3.725002
3.875836
3.748084
3.019869
2.884220
3.570468
3.068767
4.448393
3.519541
4.406970
2.813088
4.056573
3.698130
3.026096
3.515164
4.123630
4.057158
2.659669
3.884064
4.077148
4.459437
4.026709
3.347276
2.645950
2.584312
3.310739
3.181086
4.218717
3.395249
3.330125
4.374541
2.979540
3.567653
2.962787
2.912935
2.444991
4.298195
4.259892
3.710421
3.566274
3.366003
3.674870
4.365597
3.637797
4.485483
3.677668
3.342302
3.298271
3.594604
3.404703
3.852494
3.053011
3.690847
3.015249
1.912105
3.567206
2.301454
3.229329
3.495163
3.996354
3.237603
3.239378
3.142042
3.674878
3.586034
4.188440
4.238414
2.903068
3.560749
3.840321
3.541547
3.075462
3.361540
3.589711
3.929308
3.681294
3.294157
4.137896
3.479662
4.326173
3.726192
3.559968
3.698183
2.511497
3.136665
3.362939
4.138255
3.563457
2.228869
5.000000
3.175412
4.154837
3.957473
3.952767
3.918810
3.767821
3.531936
3.956704
2.768722
2.933334
1.941556
3.380935
3.921428
2.809188
3.714706
4.595329
4.419707
3.790872
3.378182
1.557291
2.428486
3.458896
3.571441
3.690569
2.691642
3.696013
3.774351
2.278518
3.446146
2.856790
4.127514
3.542752
3.356973
4.653973
4.014837
3.873085
4.345453
3.796009
3.603275
3.548881
2.809604
4.290077
3.942541
3.306934
3.849054
3.464086
3.324972
3.671926
3.313259
3.954526
3.173876
1.946821
4.234602
3.466606
2.704230
4.244915
3.278500
3.274315
2.849473
4.223257
4.378521
3.698014
2.722356
3.970064
3.537951
3.791830
2.897654
3.160464
3.462023
3.596351
3.823282
4.409566
3.454210
3.935093
2.761205
3.978572
3.622120
4.334684
4.167891
4.681600
3.443121
4.154419
4.098986
3.591753
4.097917
4.067551
3.550316
3.478956
4.133950
3.571581
3.066063
3.186977
3.669649
2.968654
3.722161
3.007651
3.595943
4.101767
2.453691
3.873678
3.375919
3.055156
1.909047
3.087842
3.585170
3.159021
3.597440
2.903705
3.404788
4.016236
3.482127
4.610448
3.337614
3.389927
3.498615
3.295943
3.730570
2.355885
4.071787
3.060621
2.574963
3.733090
3.430967
3.337715
3.179185
2.925379
4.276065
4.825293
3.389993
4.417269
3.575802
2.791165
4.101524
3.848295
3.646945
3.425291
3.469747
3.859418
3.898378
3.552910
2.881546
4.370184
2.650922
3.054123
4.004526
2.434805
3.979089
3.132503
3.975875
4.199089
3.979334
3.664090
4.055539
4.058096
4.323860
3.580138
2.770471
2.594072
4.183681
3.228593
4.808985
3.993373
4.572459
2.929866
2.787727
3.634489
2.115017
4.357003
3.642262
2.499884
2.992367
4.037150
3.120281
3.433665
3.737548
4.247372
4.157293
3.620069
4.017348
3.657087
3.632427
4.217761
3.701272
3.558607
3.067023
3.203271
3.231483
2.699279
3.823827
3.363082
2.584590
4.050303
3.043266
1.991582
3.874298
3.188085
3.628423
3.115017
2.131644
3.901905
3.554526
4.477436
3.559440
3.050185
3.192579
3.757526
2.953387
2.483505
2.648344
2.985329
2.077985
3.493622
2.955979
3.676274
2.060992
2.649577
4.548575
3.577982
3.118832
4.352052
4.021638
4.233614
3.798907
3.404070
3.045876
4.074711
3.854196
4.294626
3.686091
4.057712
3.466897
4.263648
4.337796
3.058242
3.137466
4.011323
2.298320
3.845585
4.096442
4.454092
3.243145
2.988848
4.366466
2.779094
4.125116
3.010083
3.847808
3.571387
1.731143
3.947751
2.713610
4.555141
3.089796
3.893649
3.639319
4.272898
3.447801
3.814971
2.309095
3.645350
4.411670
3.893640
3.979574
2.937795
2.757637
3.962400
2.801838
3.643536
4.508296
3.908116
4.194463
3.770973
4.175720
3.349677
3.692823
2.698700
3.892234
2.923002
3.799684
4.183039
3.435688
3.919606
3.174241
2.867916
4.047698
2.748801
3.920183
3.870439
3.853307
3.426729
3.360867
3.263234
3.209242
3.254858
3.928507
3.048206
2.792382
3.522693
3.937232
3.482229
4.341425
3.738038
3.109078
3.546652
2.747619
2.289413
2.910537
3.870627
1.949451
3.699318
2.896323
4.673696
3.722795
3.477125
2.193758
3.551276
4.117406
4.012731
2.616937
3.852634
3.174325
3.801399
2.775414
3.182362
4.286873
3.991319
2.967298
3.542600
4.585653
3.384995
3.947342
4.285469
3.344901
3.160159
3.365070
4.670309
3.001837
3.686079
3.225427
2.884942
3.115606
2.089306
4.156916
4.317656
4.148580
3.681454
3.780717
4.096680
3.662153
3.533169
3.337295
3.320949
4.497077
3.306997
3.894456
4.174536
3.904616
2.173296
2.629898
3.193090
2.859642
4.082790
4.198904
3.370596
3.628111
3.576684
2.919491
3.439792
3.913731
3.836148
4.724685
3.250403
4.536003
3.716098
3.868555
4.050213
3.267974
2.389620
3.762353
2.742029
4.066637
3.029330
2.628011
3.071943
2.817744
4.021279
4.218933
3.591180
2.606194
4.275537
1.930570
3.854608
3.702445
3.165348
3.996297
3.601288
3.554020
3.494782
3.664599
3.767540
4.167815
2.603071
3.887444
3.717693
4.547878
3.400027
3.843776
2.851419
4.277544
2.970238
4.350837
3.899332
3.309160
3.999185
4.357306
3.195875
4.099896
3.039507
3.937047
3.628747
3.875208
3.824447
3.854364
3.236421
3.664510
2.369838
3.978511
3.806496
3.743511
3.553734
3.068149
3.073149
3.274628
3.289454
4.655011
3.394995
3.934966
4.104167
3.300552
2.373134
3.049699
3.785848
3.475976
2.256516
4.292349
2.178151
4.512502
3.523137
3.422689
2.560243
4.265296
4.361578
1.908658
3.223270
3.744888
2.834735
3.128286
4.423550
2.308269
3.778230
4.389513
1.826518
2.579980
3.518734
3.835113
4.680029
3.364417
2.775105
3.650583
3.900534
3.665309
3.183779
4.303154
2.980856
2.987188
2.959456
3.425081
4.148548
4.086782
4.090431
4.390775
3.458646
3.573371
3.848525
3.873022
2.677706
3.073489
3.660025
3.793919
2.313739
3.854547
3.223175
3.613133
2.797174
3.285935
2.021041
3.799426
2.975269
3.303575
3.604708
4.254228
4.299997
2.479217
3.337974
3.495249
3.188306
2.799105
4.406592
4.336106
3.505309
4.080559
3.491554
4.018328
2.365367
3.570331
3.747986
3.827847
3.642215
3.805335
2.070745
3.566777
2.530132
3.891227
3.536664
3.945139
4.046796
3.874264
3.768554
3.169161
2.762970
3.481947
3.098369
4.057414
4.343191
2.683938
2.504163
3.632439
3.791757
3.702773
3.852720
3.421090
4.055708
3.262149
2.488612
4.473605
3.115015
3.189732
3.686809
2.611227
3.787669
3.389015
3.172910
4.021456
4.369931
4.010993
4.073573
4.351539
3.119555
3.915018
4.013982
4.035347
3.806098
4.106702
3.497360
3.390963
4.381832
2.858958
4.231508
3.846066
4.058154
3.986444
1.961779
3.751065
3.809423
3.622549
3.542316
3.143651
4.366692
3.181140
4.633166
3.859838
3.396665
3.842876
4.559328
3.551784
2.924043
4.337443
3.916442
4.513524
4.019984
3.594216
3.638017
3.768934
4.003659
2.354227
3.483658
3.944143
3.691514
3.327791
4.567939
4.512217
3.799225
3.558926
3.773727
3.172606
3.655187
3.127325
3.752495
4.240011
3.138933
4.054147
3.547125
3.398049
3.257153
3.286061
3.508817
2.680442
3.493656
3.720604
2.981613
4.535100
3.560525
3.173350
3.867117
3.605973
3.276520
2.849030
3.194035
2.711828
3.842793
4.322862
4.043618
3.773219
3.233249
3.815381
3.652336
3.711784
4.511970
4.076177
4.358261
3.145100
4.188814
3.256367
3.867680
2.087174
3.592339
3.328160
3.313422
1.884587
3.787181
4.305075
2.929365
3.535584
3.653344
2.620710
3.139272
2.458697
3.171424
2.187906
2.880136
2.880341
3.371076
3.270721
4.171923
3.871293
3.218401
3.029720
3.515146
2.895708
3.186572
4.669864
3.938476
2.906104
2.093059
4.063122
3.882610
3.481492
3.609396
3.963889
3.549382
3.937512
2.351665
3.049534
4.034768
3.849090
3.907103
3.635508
3.072315
3.320892
3.423021
4.239911
3.948231
3.308826
3.658182
3.258690
3.078782
4.104492
3.907406
4.173334
4.089131
3.586269
3.156419
3.661782
3.132560
4.501457
3.169391
3.438618
3.740421
3.128138
3.402929
4.218247
4.055947
4.114090
3.626967
3.252835
2.278329
3.578015
3.977919
3.679076
3.748055
4.683929
4.083019
3.405433
3.649184
4.649828
4.407672
3.035474
3.905233
3.740945
4.162427
3.650357
3.162762
3.934343
3.903521
3.351161
4.197737
3.513088
3.282783
4.019860
4.417939
2.913703
3.706540
2.847625
4.750438
3.189017
4.037388
2.954066
2.347836
3.111145
3.731830
3.235658
2.986510
3.297995
3.630448
3.115340
3.153984
3.799111
4.154405
3.535592
3.662019
3.762995
3.975134
3.073798
3.468586
2.303536
3.665188
3.108070
3.157374
4.025441
3.501319
3.441204
2.874486
3.187598
3.896724
2.078148
1.000000
3.567441
3.780035
3.271956
3.310127
4.442512
3.919664
2.230342
3.906670
4.422932
3.717806
4.133754
3.838839
3.151018
4.031720
4.165693
3.882451
4.178474
3.892845
2.179477
2.721257
3.052444
1.000000
3.710005
3.780272
3.720321
3.765247
3.534121
3.542702
4.083548
4.102788
4.101416
4.285113
3.164677
3.374135
3.796871
2.283305
3.875521
3.235491
4.090919
3.546374
3.974590
3.486041
4.646395
3.374022
2.777384
2.733659
3.077988
4.210635
3.536162
4.360843
2.433352
3.262566
3.757434
3.891394
3.029666
3.528778
4.190828
4.029674
3.186902
3.026521
3.358456
2.970048
3.917336
2.746707
3.692364
3.795284
3.493621
3.358489
3.731053
3.766292
3.387276
3.474997
3.826820
2.877119
3.458570
3.576357
3.741714
4.084852
3.640637
3.502614
3.972693
2.836196
3.155856
4.063901
2.575547
3.255876
3.529060
3.425031
4.293888
3.186593
3.154555
3.298054
4.304395
4.496023
4.092528
3.936435
4.396012
3.103505
4.564062
3.893763
3.299146
3.127864
3.510432
2.542767
3.869090
3.164842
3.928294
4.271873
2.313133
4.163286
4.223540
3.673949
4.042293
4.103789
3.172459
3.183074
4.270330
3.730163
3.457681
3.147036
3.650044
4.260534
3.929569
3.498069
2.753826
4.038959
4.328517
3.932399
4.152019
3.019922
2.746914
3.711640
4.160505
4.194445
3.402286
3.529919
4.208344
3.331044
4.181683
2.920107
3.670663
4.200032
3.731275
2.781199
3.488319
3.802408
3.700194
3.396342
3.493682
3.105019
3.124871
2.618266
3.719349
4.514385
3.840876
4.421199
2.882562
4.682230
2.527108
3.746971
3.011581
1.318755
3.130781
3.520134
2.638888
3.815347
4.279287
3.687764
3.642841
2.429055
2.286398
3.969294
3.825921
3.432415
3.695202
3.377106
4.050476
4.082186
1.974891
3.296952
3.892887
4.215818
3.578041
3.422679
3.320929
2.612793
1.917520
2.843217
3.277868
3.831395
3.255808
4.212291
3.337241
3.331675
4.170620
5.000000
4.025052
4.054054
3.985425
4.272267
2.033289
3.277414
3.892360
3.333112
4.320187
3.057218
4.130214
4.026117
3.839872
3.489846
3.939182
1.733099
4.095279
3.690196
3.418664
4.278491
3.536638
2.673619
3.779566
3.236909
3.928731
3.451611
2.951097
2.400031
3.818627
3.107510
2.221406
3.789919
3.144360
3.293459
3.201998
2.290916
3.806992
3.794312
2.962645
4.140872
3.740576
2.160294
2.881664
3.258977
3.858149
4.211820
4.101252
3.971300
3.210059
3.609439
4.178401
2.846816
3.667528
3.575283
2.384885
2.814260
3.951460
3.228351
4.222827
3.686873
2.851875
2.345597
4.009739
2.847950
4.092765
2.519953
3.312266
3.314000
2.044227
4.022923
3.837855
2.986978
3.405428
3.684690
4.086437
4.277590
3.044424
3.487315
3.741079
3.712602
4.114876
3.063211
3.986764
2.653675
3.475632
3.360473
3.524466
3.583928
4.262694
4.669222
2.958963
3.733278
3.248448
4.291113
2.796003
3.381473
3.821957
3.205546
3.231685
3.306323
3.735710
3.026831
2.723232
3.319058
3.329356
4.205522
3.406635
4.033485
3.468280
2.925050
3.156324
2.839588
3.118221
3.121922
1.850903
2.922804
3.325479
3.105310
3.554256
3.090876
3.818776
4.415557
3.612195
3.981450
4.023017
4.057306
2.897503
2.698796
3.510590
4.250243
3.699614
4.037773
3.625589
3.928805
4.418491
3.625138
3.937560
3.478103
3.037555
3.568001
2.946180
3.502809
3.694541
3.573390
1.937934
3.766530
3.192271
3.805822
2.974162
3.427198
3.635469
3.223571
3.108622
4.579429
3.107327
3.627865
3.430923
3.235606
4.668616
2.564007
2.959603
2.925952
3.613252
3.438128
4.052889
3.259379
3.411602
3.432888
4.143497
3.717802
2.927466
4.102327
3.832254
4.040985
3.009811
3.080390
3.628987
3.566356
3.577237
3.855907
3.754069
4.408858
4.152295
3.781050
3.649566
2.868141
4.105166
4.254030
2.180038
3.224160
3.637150
3.716744
3.049139
2.957755
4.211550
4.366815
3.480495
4.101915
3.756422
4.368042
3.357938
3.735204
3.382140
2.950639
3.670629
4.067702
3.505401
3.042186
3.907837
3.761188
3.085713
2.862975
3.426055
4.192000
3.953637
4.338845
3.245273
3.394546
3.900268
3.564176
4.485741
4.157405
4.123969
3.868836
3.089336
3.135662
4.726367
3.210966
3.532936
3.117131
3.643500
4.756462
3.291458
3.395905
3.997296
2.975904
3.162529
3.104989
3.529189
4.245958
3.355641
4.159921
2.688830
4.333052
3.639787
3.416526
3.513242
4.709612
3.487021
3.089172
3.602264
2.745600
4.152915
3.365078
4.032344
3.981499
3.834006
3.818864
2.992201
3.271682
3.627845
2.994961
3.983654
3.494374
3.279325
3.279008
3.091966
3.791043
3.804201
3.320946
3.543815
3.976447
4.045138
3.620650
4.245135
4.353138
3.225043
3.906909
3.197579
4.153219
3.474412
1.700626
4.173821
3.378707
3.959237
3.701283
3.281889
3.127763
3.891803
3.148595
2.969616
4.072522
3.516276
3.361419
4.285941
3.582675
3.301781
3.642257
2.936048
3.470122
3.841679
3.739985
4.461821
1.529677
3.658593
3.024202
4.017972
4.069701
4.474871
3.290124
3.429565
2.619939
3.332069
3.608945
4.142651
3.739469
3.601167
2.727498
3.508415
4.205954
3.368866
3.981913
3.908734
3.960618
2.989306
2.755271
4.427764
4.189969
3.201600
3.931759
3.263762
2.956033
2.993717
3.692057
4.383127
2.851184
3.307183
3.527022
3.548416
3.578959
3.377106
3.878230
4.425089
3.427692
3.602411
4.287921
3.713175
4.276527
3.813578
3.502889
4.128223
3.164052
4.285278
2.486801
3.546591
1.712348
3.484273
3.835519
4.362320
3.850704
3.279938
3.840165
3.012186
4.751845
3.392557
3.024416
4.301238
3.515096
3.610274
3.948272
3.203926
4.092730
3.982385
2.714162
4.161203
3.990587
3.864836
3.021333
3.513825
3.939488
3.562995
4.110638
3.511012
3.829050
2.113273
3.611479
2.614949
4.482257
4.155426
4.442562
2.945469
4.015118
3.576700
2.624245
3.878280
4.084406
4.256190
2.753283
3.306626
3.172012
3.623218
3.182905
3.918201
3.749093
4.105778
3.907572
3.152229
2.723560
2.846570
3.784956
3.283535
3.584144
3.819045
3.340934
3.676683
4.132291
4.045939
3.873819
4.407405
4.315793
4.207547
4.122912
3.542613
2.377750
3.855502
4.111397
4.361559
4.381118
3.097934
3.659769
3.386551
3.892836
4.004893
3.818216
2.978882
3.347095
3.345842
1.800578
3.762083
3.977168
4.451010
3.943962
3.553139
3.820291
3.410084
2.421223
4.327150
4.483292
3.828376
2.946336
3.805300
3.847803
4.192324
3.358112
2.904594
3.910859
3.005678
4.248501
2.398044
3.242557
3.278857
4.721589
3.034343
2.991603
3.218792
4.153313
4.438517
2.604166
3.052749
3.339031
3.554767
3.120374
3.711072
3.208170
3.613322
4.326603
3.937893
3.544662
4.152266
3.099007
3.355302
3.620051
4.206551
3.889637
3.159024
4.249854
3.068706
4.201823
3.285188
3.935861
4.020369
4.371214
2.800573
3.850753
3.928751
3.653986
4.869402
3.773396
3.292552
2.847753
4.233577
3.808274
3.260577
3.700625
4.203227
3.426831
4.653323
3.484605
3.232937
3.880174
3.744717
4.024392
3.718599
3.921040
4.420970
4.319137
3.384001
3.075435
3.306160
3.682357
2.950097
3.182193
4.173808
3.538881
3.833816
3.627987
3.368595
4.155703
1.662915
3.570748
3.669009
2.054424
3.319966
2.390547
3.224341
2.655892
3.481511
3.355049
4.450782
3.988401
3.589859
3.556753
2.893915
3.387507
3.808412
4.005122
4.341001
3.734839
3.690637
3.711579
4.097724
4.134695
3.285560
4.142648
2.000014
3.455297
3.122099
2.674268
2.973772
3.640583
3.700128
2.499669
2.697252
3.794820
3.605059
3.656874
2.300865
3.509026
3.732139
3.102544
3.618720
3.443400
3.167085
3.205810
4.459280
4.352218
2.976045
3.620134
3.476951
4.071238
3.251554
3.031846
4.231598
3.132667
3.880488
2.487240
2.934834
3.911546
4.577084
3.421662
3.555981
2.034275
3.178024
3.382829
2.675010
3.209278
3.742258
3.438354
2.077931
4.383265
3.434321
3.546964
3.317652
3.696055
3.158364
3.566931
3.860177
4.213468
3.453714
4.331437
2.992892
3.126365
4.104862
3.165173
3.152120
3.768475
3.658670
4.334324
4.084469
2.790376
3.636588
3.591480
3.101248
3.143238
3.195288
3.755307
4.007590
4.290527
3.926699
3.973319
4.261208
3.450577
3.354893
3.758447
4.270659
3.525744
4.023224
3.049920
3.126065
3.038084
1.925941
4.110943
3.165438
3.915031
3.730969
3.664297
3.926046
3.456582
1.245785
4.195052
3.840721
4.440749
2.536864
3.607368
3.382389
3.376912
3.883424
2.996724
4.241562
2.594869
4.507788
4.089438
3.426556
4.818103
3.938260
3.301926
4.170029
4.842982
3.624590
3.532588
4.386275
3.900939
3.499324
2.076253
3.130944
2.594100
3.638289
3.174346
4.021850
2.707443
3.337824
3.028178
3.232421
4.835075
4.351461
4.344316
4.291785
3.573072
3.166563
3.459870
3.403686
3.751058
3.604126
3.368628
3.904860
3.108460
3.593863
5.000000
4.263721
4.343975
3.989347
3.645896
4.300373
3.400798
3.077311
4.264597
4.005317
3.633158
2.933698
2.034916
3.938447
3.962555
2.965981
3.613629
3.981260
2.419884
3.401747
4.010503
4.177981
4.604315
4.104073
3.636922
3.179916
3.322749
3.154837
4.078598
2.216420
3.691522
3.645874
3.231622
4.507683
3.746924
3.232510
2.110206
2.622647
3.272339
4.228583
4.172907
3.842631
3.694560
2.364699
2.833689
2.164576
3.758344
2.307343
3.810856
3.546888
3.200149
3.829245
3.831081
3.128976
3.477946
4.001782
3.455588
3.098921
3.952237
3.868178
4.294377
4.024227
1.073121
4.160502
2.771138
2.838723
2.921045
4.450317
3.123552
2.943777
3.858560
3.151342
3.392698
3.502205
4.076113
3.455234
4.043046
2.871140
3.525635
3.134593
3.363544
3.000491
4.112057
4.672958
3.445388
3.876226
3.082645
3.611932
3.834809
3.976112
3.860443
3.228074
4.382090
4.269280
3.941976
3.318494
3.159208
3.658917
3.082671
4.563214
3.533519
1.762152
4.015225
4.352330
2.993209
4.023286
4.418813
4.017171
3.400300
4.192657
3.652651
3.200225
3.691553
3.027450
3.666973
3.513558
4.196333
3.079011
2.578460
2.713489
3.146620
3.296063
2.423910
3.583096
4.664478
4.455417
4.714601
3.948153
3.920500
3.941870
3.706789
2.449638
4.094647
3.147474
4.726980
4.073073
3.684526
3.346414
3.809526
2.814042
3.827015
2.537241
3.742701
2.859582
3.461774
4.603105
3.449801
3.298261
3.480637
2.428987
3.088803
3.947230
3.920967
3.658331
3.283848
3.716504
3.321350
4.354867
3.027087
2.551653
4.126711
3.624235
3.518529
4.594428
3.419363
2.936727
3.328309
3.720096
3.319294
3.005531
4.444945
2.799862
3.862012
3.527544
2.889671
4.076842
3.461659
2.821334
2.431091
2.659134
3.787795
3.649982
3.452305
3.998416
3.546606
3.462869
3.151685
4.095705
3.622112
3.631025
4.048545
3.799007
2.490433
3.966983
2.958934
4.131212
2.458989
2.846566
3.118348
2.297042
3.531225
3.378328
2.944170
4.213434
3.021457
3.304001
4.209846
4.041116
3.202050
3.627824
3.994535
3.301121
4.386999
4.122215
3.895875
3.777731
3.900846
3.659102
3.777011
3.577456
3.722680
3.840745
3.305159
2.734379
2.997206
3.535654
3.679962
3.676894
4.151233
3.685926
3.922143
3.665723
3.185857
3.760208
3.417553
2.784253
3.931734
3.348781
3.658295
3.257842
3.708960
3.453261
3.752390
2.785643
4.170901
2.627162
2.482619
3.472862
3.124510
3.022376
3.364899
3.128150
3.499680
2.898428
3.515687
3.408954
3.899831
4.294873
2.896803
4.362082
3.772337
3.397581
3.968164
4.345960
3.705942
3.083960
3.070642
3.090124
2.460565
2.881800
3.619705
3.913592
3.832192
4.010748
3.291029
3.463360
3.827997
3.450591
3.413034
3.518093
4.364178
3.485163
4.410211
2.871644
3.087487
3.119147
3.545716
3.653559
3.165944
3.110572
4.645233
2.933800
4.229643
4.128301
3.180157
3.719966
4.311444
4.445623
3.482209
3.963380
3.839052
4.467493
2.564148
3.208513
4.059295
3.054841
3.627809
3.957637
3.646757
3.928781
3.614901
4.278525
4.427194
3.941163
3.963678
3.614778
3.702558
3.053248
3.503459
4.260267
3.139931
3.660544
4.090152
3.711058
4.051980
4.041119
3.340613
3.464443
3.483549
2.817421
3.141433
4.401729
3.207624
3.896523
4.379605
4.040077
3.670053
3.452488
3.528564
2.208918
2.874517
3.272624
2.807254
3.653069
3.561422
2.657553
2.696945
3.905270
3.048398
4.007367
2.439624
3.794665
3.793918
3.492810
3.929500
2.504762
3.993190
3.305152
4.369335
3.360911
3.578979
3.418619
4.485145
3.539799
4.557021
2.873831
4.415549
2.504205
2.474828
4.269996
3.081858
4.714414
4.006755
2.699554
3.673617
3.734106
2.988255
3.229335
3.585260
3.556134
2.763366
3.778031
4.025995
4.296892
3.299251
4.429108
3.601608
3.466972
4.368204
3.828889
3.209889
2.806897
3.101956
3.234170
3.287278
3.471462
4.304552
4.783742
3.931311
3.765785
3.930545
3.084634
3.029287
4.529926
3.266002
3.347456
4.039533
3.121564
2.622146
4.144734
4.027745
3.823487
3.336075
3.438625
3.732588
2.168324
4.095717
3.355466
4.223517
3.359128
3.843793
3.726568
2.612238
3.002967
3.106711
3.896192
2.954924
4.293696
4.083427
3.423762
3.241841
3.290069
3.038540
4.039847
3.060553
2.774889
4.335832
3.923209
1.602136
3.898433
3.276309
2.860942
2.681246
2.661224
2.254684
3.697601
2.958064
3.901770
3.825648
3.458463
3.570932
3.803585
2.060984
4.078619
3.416891
3.861924
3.159380
3.759426
2.245558
3.879202
4.016519
4.282503
4.125837
3.478771
2.537208
3.278094
3.595609
4.357583
3.645309
3.408785
3.969788
3.734719
4.157136
2.543486
2.931893
3.121378
3.117356
2.959032
3.529548
3.745138
3.359820
2.715957
3.761124
4.336971
3.285038
4.179466
3.457372
3.218528
3.654060
3.470485
3.839183
3.239668
3.681973
3.618779
3.106787
3.873156
3.071202
3.201001
4.028153
3.037077
3.356733
3.979299
3.473048
3.488401
4.201963
3.791195
3.413042
4.223058
2.674193
2.889817
3.349047
3.834884
2.977162
4.133125
3.697368
3.655745
2.388417
3.160166
3.799402
2.955643
3.733931
4.017347
3.737756
3.259793
3.560264
1.963128
2.902592
2.779335
3.181323
4.280134
3.887529
3.278635
4.146346
4.040501
3.988805
2.571762
2.791071
2.576540
3.535770
3.278475
3.452624
3.286704
2.981646
3.033813
3.901047
2.830628
4.179986
3.873594
3.206829
3.595995
3.052355
4.651045
3.864990
3.812700
3.853530
3.752517
3.582790
4.217697
3.623015
4.171761
4.256503
3.862600
3.396596
3.774337
3.012500
2.994483
3.908397
3.322810
3.130683
4.445911
4.016710
3.939977
3.642951
2.854010
3.779758
3.764176
4.121951
4.307258
3.617466
3.417826
3.732811
2.516629
3.089181
2.721016
3.240387
4.008247
1.935805
3.728851
2.709443
3.240612
3.941588
4.214167
2.410180
3.721355
4.250591
4.123287
3.647276
3.835542
3.519024
3.532847
3.347355
4.112974
3.690411
2.209983
3.644793
3.682078
3.247255
4.099912
2.828476
4.008922
3.693083
3.467069
4.101813
2.981310
4.353226
3.525492
2.742667
3.347447
3.316477
3.002394
3.622179
3.976609
4.314714
3.744471
3.213506
3.255186
3.617893
4.150359
3.663230
3.132995
3.003392
3.861560
4.478766
3.830869
3.277266
3.822172
3.663000
3.522252
3.413199
3.332794
3.802432
3.981697
3.493128
2.756079
3.446590
3.668544
2.876874
3.013443
3.104145
3.426880
3.052286
3.394181
3.635566
3.577961
3.188775
3.677387
3.428109
3.463353
4.525005
4.115816
3.705902
3.933684
3.518984
4.311120
4.305244
3.824709
4.247297
4.126275
4.254608
3.124071
4.115714
4.801516
3.969302
4.181891
3.032023
3.236647
3.782009
2.949817
3.229225
4.062152
3.859621
4.228905
4.436350
3.687408
3.009302
3.727956
2.565219
3.186532
2.657493
4.166988
2.493566
4.181127
2.808944
3.099113
3.433664
4.042779
3.629142
3.281762
3.267579
4.776112
2.452246
2.557966
4.255330
2.739602
3.436456
3.123562
4.381565
3.867249
3.172610
3.837751
3.931359
2.858361
3.818600
3.789886
2.998710
2.801715
3.914203
3.287810
3.550512
3.977456
4.701471
4.445940
3.585644
3.520932
3.874722
3.734358
4.043431
4.413507
2.132965
3.690440
4.028438
3.648178
3.484988
3.984400
3.102411
3.739552
2.801101
2.556499
3.828396
2.539019
3.707008
3.854248
3.188468
3.285052
3.618503
4.291940
3.833774
2.137089
3.442005
2.710887
3.847117
3.891174
3.586620
4.098140
4.011497
3.940603
3.062136
2.108628
4.292437
1.894979
2.513613
3.343083
3.037466
2.987530
3.942149
3.815689
3.039916
4.456895
3.417169
2.798719
4.395417
3.346508
3.670518
4.123035
2.923506
3.478614
4.014489
3.794456
3.615832
4.639181
3.916626
4.177733
4.020608
4.344188
3.519749
3.206878
4.336759
3.557397
3.292303
3.437705
3.483427
3.548932
2.999206
3.705380
3.412645
4.591452
3.171176
3.407076
4.201674
3.723116
3.694559
3.866313
4.163171
3.636573
3.453926
3.719337
3.891079
3.710376
3.878782
3.968897
4.033108
4.191292
2.873542
3.573953
3.061873
3.311035
2.808516
4.263745
3.602587
3.104451
3.504139
3.765627
4.126963
3.576851
4.266939
2.334389
3.317431
4.247057
3.007626
3.457792
2.965824
2.359322
3.911842
3.491500
3.324485
4.175228
3.538063
4.106768
3.722915
3.618637
3.854040
3.220706
4.024039
2.559516
3.332372
2.840990
2.423157
3.307171
2.417780
3.006337
2.729999
3.793013
3.422656
3.916354
3.669921
1.561693
2.368554
3.520600
3.439537
2.784883
4.025317
3.727248
4.230690
4.691780
3.366417
3.411421
3.425670
3.675340
3.935294
3.043281
2.866954
3.484951
3.703994
3.745980
2.693374
3.066141
2.057684
3.056443
4.523587
3.991474
2.963171
3.644997
3.447288
2.736889
2.997138
3.487689
2.684353
3.403678
2.414935
3.350424
3.769463
3.888373
3.746159
3.376518
1.760565
3.368309
4.476276
3.794023
4.449112
3.898521
3.899813
3.339701
4.227041
3.556021
3.849604
3.258406
2.380303
3.876275
3.721069
4.340522
3.510368
3.799263
2.620196
2.904249
3.418217
3.509361
4.096653
3.496429
3.304911
3.345876
3.652280
3.544613
3.230382
2.849629
3.413371
3.915883
4.134919
3.468897
2.670156
3.021805
3.822583
4.127122
3.616605
2.619949
4.708515
1.848162
3.106857
3.008618
3.522615
2.076051
4.028317
2.685235
4.347656
3.773291
2.686586
4.033340
3.637728
4.023982
3.590336
3.845458
3.660043
3.929351
4.285610
2.997507
3.873602
3.224888
4.062167
3.332268
3.645729
2.799933
4.037577
4.269772
4.331357
3.890916
3.324546
3.805032
3.321946
4.323272
1.991945
3.449276
3.433235
4.131093
4.313391
3.486443
3.251568
3.557598
3.548704
2.668819
3.769189
3.389610
3.983608
4.317123
4.491075
3.638351
4.047547
3.884532
4.088650
3.260954
3.946745
3.868131
3.398237
4.418894
4.037878
4.120575
4.390333
3.966965
3.243921
3.131701
3.123734
3.337100
4.005731
2.995059
4.040075
2.220035
3.255516
4.285874
3.853607
3.794258
3.656584
4.515004
3.194824
3.282622
3.810740
3.759269
3.180776
3.787792
4.120434
3.954877
2.805918
3.575274
3.800427
3.781920
3.720930
3.584075
3.428652
4.167445
3.382085
3.521756
2.530427
2.772590
3.492844
3.599759
3.737801
3.719656
4.489630
3.603515
4.489332
4.030079
3.003798
2.970853
3.974705
3.833632
4.349341
3.541460
2.766477
3.398557
3.237041
3.584044
3.594256
3.534827
3.029186
3.956631
2.875576
3.917078
4.154661
3.199766
3.753455
4.204299
3.754820
4.219034
3.825482
2.903288
3.532177
3.038195
4.105261
2.675528
3.531281
3.561415
3.241336
3.136917
4.478576
3.939810
3.644714
3.625590
3.375885
3.946132
3.492808
3.052175
3.649441
3.355298
1.900519
3.847568
4.081730
3.929542
3.478712
4.057517
3.283829
4.105326
2.577221
3.543071
4.271546
4.085010
3.880254
3.489677
4.170471
3.804155
3.629538
3.514850
2.981706
3.834451
4.298903
3.936046
4.173815
3.105447
3.648894
3.117292
3.221100
3.219036
3.518363
3.578402
3.908041
3.476782
2.887157
4.221404
3.287024
3.608853
4.341265
3.658538
2.780580
2.764628
3.824070
4.073080
3.625775
3.542940
4.814726
1.911365
3.410453
3.997945
2.649216
4.111374
2.983603
3.572658
3.110386
4.139321
3.335754
3.717969
2.004661
3.920546
3.706365
3.731763
3.743573
4.089560
3.771841
3.797873
2.464514
3.158942
3.537224
3.762530
2.984354
2.597401
4.302475
2.953387
4.131357
2.857541
4.574791
3.734239
2.869062
3.709278
4.469607
3.754335
3.676131
4.163023
3.456566
4.355526
3.971876
3.729964
4.266755
4.190423
4.271049
3.733874
3.292412
3.754589
4.133888
3.192990
3.005543
1.528690
3.681599
3.846123
3.194115
2.793698
3.154581
4.218463
3.479421
2.535545
3.168622
4.655743
3.757712
3.108844
3.332579
3.066928
4.169628
4.236609
2.409740
3.206169
4.197780
3.388396
4.183061
3.513453
3.597208
2.696573
3.985204
3.709353
3.643387
4.545676
3.123788
3.333748
3.568672
3.575716
3.677847
3.372967
4.289524
2.908201
3.565651
4.520458
3.598538
3.674600
3.243687
4.519016
4.078343
3.106324
4.471019
3.916106
3.940562
3.239079
3.949126
3.245200
4.337054
4.058151
4.232949
4.039107
3.368962
3.647119
2.337424
3.947016
4.139951
4.188491
4.454554
3.580738
3.056745
3.252699
4.031207
4.887931
4.533850
4.178885
3.246108
3.430327
2.832514
4.250386
3.614134
4.407400
3.598607
4.039769
3.319811
4.082518
2.472202
4.381334
3.556001
4.475123
3.042340
2.484132
2.572379
3.191493
3.879130
4.315184
3.696017
3.650778
4.179853
3.355481
2.970372
3.933743
3.838026
3.161624
3.729122
2.594834
3.941368
3.284594
4.807969
3.571886
4.364943
3.543870
3.472664
4.462776
2.682332
3.210460
4.297764
4.085269
3.435521
3.856076
3.822872
3.023097
3.187046
2.701357
3.700464
4.294399
3.397605
4.316865
3.574800
3.182774
3.949126
3.174671
4.669118
2.682196
3.003843
3.390444
3.446125
3.966743
3.023670
3.954993
4.096380
2.688734
3.315943
3.686756
3.408420
3.728956
3.702478
4.435082
2.807938
2.911570
3.949504
3.190586
2.886079
3.421885
4.097331
3.430559
3.415350
2.984005
3.663262
3.485813
2.947478
4.002997
3.360629
3.676505
3.057776
3.758478
3.283184
4.332078
2.752008
3.692683
3.225643
3.263518
4.246712
4.089443
2.926623
3.709404
2.474129
3.124810
3.759148
3.988770
2.499115
3.946730
3.839126
4.253625
2.532311
2.989654
2.683821
4.170627
3.636518
3.101401
3.762116
2.746989
4.247305
3.314518
2.574701
3.421206
2.217422
4.119216
2.987410
3.623629
3.935005
4.439560
3.781623
4.036635
1.779417
2.693780
3.454777
4.375844
2.725310
3.440150
3.713635
3.323798
2.356793
3.866840
4.672169
3.861367
1.805217
3.719506
3.825551
2.518387
4.091088
2.925905
3.392269
3.876026
3.640905
3.948203
3.892397
3.962627
3.333320
3.775541
3.377683
4.052558
4.175531
3.414780
3.996130
2.761138
4.453566
3.203878
2.256901
3.598546
3.223092
3.718543
4.712213
3.514867
3.313334
3.645659
3.861381
3.152935
4.131871
2.634961
4.030673
4.609374
3.205175
3.661053
3.828484
4.133790
3.502238
2.899313
3.921445
2.981144
3.698126
3.789376
2.962471
3.250410
3.014542
3.668249
2.957151
4.236460
4.155377
3.412334
3.059695
3.589089
3.399101
3.297016
3.677426
3.002147
2.396610
3.448896
2.139722
2.999598
3.226729
3.275109
4.385584
4.076741
4.465662
3.222434
3.358712
3.968567
1.979301
3.879468
3.664851
2.404270
3.963994
3.761334
4.023983
3.990972
3.508118
4.172438
3.761382
2.758997
4.366271
4.040386
4.380326
3.365902
2.310960
3.113365
4.024891
3.950997
3.497635
3.580405
3.007232
3.207039
4.099063
3.594773
4.438610
4.830594
3.513061
2.917661
2.238028
3.110230
4.127594
3.844048
3.574214
4.068184
2.983485
2.949863
2.415973
4.216003
3.500705
4.157797
3.900847
2.956414
4.129022
3.191622
3.857366
3.991770
3.580204
2.467096
3.891195
3.328314
4.016939
3.944983
2.578321
3.345637
4.124362
3.427998
3.711629
3.583460
3.609161
3.811807
2.893880
2.887369
3.049365
4.132713
4.166704
3.136023
3.990172
3.044440
3.990706
3.763846
3.126607
3.578216
3.571007
3.365826
3.631868
2.370755
4.526839
3.848554
3.768876
3.933978
4.038523
3.905675
3.369278
2.703149
4.663233
3.992027
3.397127
3.743593
2.959004
3.250770
4.053797
4.478537
4.487368
4.289981
4.058108
3.331232
3.571797
3.674887
3.419037
3.851116
2.782107
3.746257
4.392238
3.867185
2.873729
3.470087
4.122738
2.420774
3.833458
3.762529
2.062881
4.257471
4.203010
3.624247
3.335736
2.752028
3.844796
4.164596
2.952905
3.718779
2.590617
2.598880
1.837406
3.695760
3.455939
3.372233
3.938036
4.500894
4.015909
3.852179
2.970651
4.032987
3.374291
3.728594
2.172118
3.302678
3.595083
2.754152
2.961181
4.117122
3.532830
4.006188
4.132116
3.983999
3.115935
3.329397
4.274422
3.854246
4.214252
3.189076
3.294112
3.364967
3.725834
2.854765
3.160440
3.941933
3.126863
2.840437
4.138926
2.276492
3.648312
4.191132
3.921419
3.297605
2.989194
4.001904
3.123970
3.882492
3.631388
3.708376
2.765126
4.163122
4.216630
3.294196
3.385305
3.769693
3.123003
3.209372
3.653791
2.414190
4.237234
2.720802
3.289089
3.464097
3.232655
3.755033
3.417380
4.434069
2.683158
2.459189
2.827174
3.656538
3.414352
4.228965
2.828511
3.826373
3.008533
2.786194
3.502407
3.266845
4.596180
4.270043
3.411725
3.943648
3.303719
2.945232
3.693711
3.342103
4.024951
4.193129
3.741133
2.842472
1.673475
3.399467
4.059988
3.449272
3.865534
1.880098
3.418499
3.261000
3.319461
3.815438
4.463087
2.627955
3.843361
4.220808
3.170325
3.173318
3.468077
2.789653
3.338085
3.914977
3.489038
2.799550
3.936813
3.625370
3.342751
3.987217
3.668561
2.806142
3.910979
4.055611
3.011940
3.561630
3.289228
3.718316
2.697303
3.480207
3.319618
3.402601
3.240212
2.967541
4.009479
3.022763
3.385564
4.017286
4.200983
3.466203
3.341612
4.048612
2.583551
3.581677
4.000582
3.260075
4.228069
3.555813
2.787808
3.189808
4.771383
3.036711
3.914723
3.621644
4.687797
3.489279
2.873227
3.812449
3.306756
4.122366
3.542279
3.623801
4.349580
3.986973
3.874313
2.349039
2.762868
3.410326
3.851921
3.970854
2.799655
3.713434
3.340457
3.342189
3.756024
3.984171
2.682112
2.612924
3.219006
2.867501
3.514810
3.168217
3.736909
3.635866
3.102119
3.624495
3.821245
3.501223
4.418716
4.069101
3.423822
4.030981
2.534388
1.903117
4.083738
3.410518
3.157522
4.378013
3.251224
3.532240
3.539655
3.485721
3.397670
4.079718
2.730412
4.172352
3.673739
3.437900
3.519690
3.397726
3.999022
3.682320
4.037564
3.825819
3.896598
2.967962
2.974126
4.264692
3.056051
3.611204
4.108448
3.069839
3.795492
3.228403
3.790687
2.925586
2.631481
3.359812
4.580671
4.879633
2.932532
3.776210
3.091987
3.266164
1.698849
3.682884
3.174919
3.748195
3.229305
2.801683
4.036480
3.958084
3.860541
3.441411
3.821611
3.413439
3.701579
4.118222
2.497073
3.395503
3.661776
4.470824
3.946502
4.806164
2.955492
2.703129
2.687590
4.208289
2.695323
3.229687
2.850050
3.466725
3.957348
3.498987
4.261943
3.009515
4.027088
3.219843
3.052597
3.376310
4.202756
3.828373
4.117917
3.016182
2.943392
3.931220
4.318891
3.513840
3.199676
3.104818
4.365977
3.607831
3.717374
4.066672
3.186582
2.963804
3.578836
4.138305
3.436594
3.418208
3.387326
3.814823
3.055825
4.260189
3.826274
4.103970
3.855414
3.434665
4.379308
3.786133
3.397458
3.743978
2.821343
4.060731
3.629807
3.590524
3.041352
3.438678
3.152858
3.822255
3.633130
3.476444
4.030427
3.752066
3.819227
4.665133
3.923198
3.031643
4.156514
3.108598
2.274037
3.993602
3.297490
3.775012
3.562765
3.338572
4.074316
2.889472
4.148517
3.589818
3.686569
3.725238
3.360819
3.646369
3.489069
3.763339
3.115740
3.826077
3.267373
3.080306
3.665060
4.111471
3.031056
2.841671
3.067387
4.120135
4.090910
3.209234
3.432416
3.023774
3.863271
4.308842
2.786697
3.062488
3.960954
4.326378
3.590213
3.879903
4.342097
3.870765
3.724208
3.827279
2.788467
1.000000
3.527769
3.674039
4.082874
3.284210
3.474361
2.987504
3.166233
3.713166
3.586301
4.356957
4.347126
3.915017
2.956482
2.746610
3.807131
4.453491
3.082085
4.139244
3.536587
3.988953
2.326104
3.332355
3.135148
3.470096
3.420567
1.340299
3.871750
2.428859
4.204414
1.646520
1.255367
4.139932
4.325326
3.906211
1.585965
3.046175
4.221547
1.107622
2.988098
3.568367
3.173395
4.057459
4.365623
3.231027
3.899204
4.196629
3.788124
3.451475
2.864816
4.664181
2.386858
3.355872
3.810706
4.171974
4.113439
3.795839
3.991308
4.045106
3.907260
3.699872
3.367127
4.665056
3.249498
3.911211
3.185204
3.554666
2.854601
3.683699
3.341828
3.208985
3.872408
3.413262
3.421453
3.762576
2.775820
3.982927
4.634623
3.617641
3.308306
4.261332
3.916677
2.564269
3.088744
3.313261
3.029407
3.652518
3.824608
3.748423
3.862408
3.371618
3.364470
3.590446
3.976726
3.193788
4.201879
4.163811
3.239578
4.285994
2.176969
3.203666
2.420639
3.452037
3.738426
4.139814
3.731717
3.174596
4.209445
3.647564
4.061108
2.895781
3.695993
4.307064
3.091241
3.461490
3.462358
3.785536
3.671803
3.813529
3.030808
3.503838
3.911435
3.862391
3.109797
3.932398
2.807959
4.293307
3.248199
2.452939
3.798978
3.979516
3.265894
3.071321
3.077266
3.171914
4.167798
2.480821
4.420510
4.032998
3.974838
3.799670
2.989001
3.490172
3.514086
3.948824
3.555529
3.456311
2.383175
3.640446
2.724891
3.760218
3.729717
3.205971
3.128618
3.446092
2.317299
3.631197
3.881805
4.018654
3.636839
3.683188
3.332584
1.751225
2.530485
3.238704
3.439047
3.038681
3.767151
3.093349
3.828546
3.941232
3.539757
3.516819
3.494652
4.503992
2.612725
3.578576
2.610183
4.172468
3.171272
3.659341
3.130323
4.024620
3.183522
3.976345
2.968913
3.570949
3.651458
3.775959
3.787810
3.677432
2.773952
2.575150
2.782336
3.066770
3.265533
1.847785
4.520789
3.709756
2.850509
3.438806
3.654877
3.641511
3.966113
2.267482
2.992987
3.671713
4.118141
3.227410
3.856768
3.771885
3.552771
3.369165
2.965136
4.416808
4.014065
3.927091
5.000000
2.387728
3.283874
3.934635
3.721909
3.477645
3.542253
3.575573
4.455633
3.234271
3.971999
2.270292
4.752386
3.169163
2.541004
3.114241
3.076433
3.725204
3.742210
3.565998
3.524541
4.054207
1.990324
3.135082
4.176190
3.950924
3.830337
4.027391
3.818611
3.159744
4.170676
3.146470
3.841434
3.021528
4.331663
3.318938
3.114727
3.283622
3.160387
3.630477
3.658266
3.598737
3.704141
2.915792
3.938310
3.274650
2.983151
4.524809
3.454077
3.568524
3.613392
2.939262
3.502592
2.208139
3.932254
4.443940
3.379909
2.804618
3.684728
2.741503
2.996721
3.148164
3.918893
3.782395
4.314233
2.686378
3.855102
4.270453
2.355924
3.934596
1.999365
4.054464
3.416888
2.342297
3.661580
3.337791
4.019970
4.042243
3.862527
3.180057
2.437209
3.042985
2.948668
3.206489
4.053261
2.295751
4.288221
2.722585
3.036058
3.154322
4.248443
2.355162
3.976759
3.474014
2.965485
2.548731
3.800692
3.996997
3.292034
4.128702
3.621279
4.277418
3.682118
3.302988
3.271001
3.860675
3.774350
2.652227
4.106752
3.269436
3.937774
4.227035
3.037160
3.653282
4.267427
3.634970
3.435979
3.914289
3.913565
4.460196
3.279710
2.666345
4.366429
3.293560
4.328309
4.664225
3.183788
3.710386
2.074085
2.949090
3.310299
3.625825
3.318246
2.628160
3.433141
3.738200
3.713610
1.922238
3.592101
3.318119
3.383454
3.819213
4.077099
4.098738
3.307782
2.480403
4.163161
3.954234
3.024905
3.262487
2.932547
3.887577
4.129697
3.276364
3.258581
3.513372
3.252707
3.738817
3.607762
3.375033
3.097404
3.384424
4.106626
3.806612
3.320239
3.940550
3.149089
2.461809
3.883571
3.202450
3.417084
4.429296
2.549124
4.221790
4.080388
3.850856
3.227670
3.712541
3.813993
3.244710
3.235991
4.382157
3.158837
3.005278
3.029753
2.743203
3.951403
3.841194
3.825626
2.445534
3.422202
4.479111
3.789311
4.856817
4.062889
4.504855
3.677998
4.115195
3.700970
4.248843
2.347402
3.481913
3.395807
4.176776
2.797322
3.232655
1.704452
4.356496
4.228834
4.746120
2.257126
3.292863
3.487286
1.835627
4.369285
4.152003
3.918546
3.743516
2.135831
4.353110
4.488338
2.825980
3.508556
1.593190
3.823322
3.623716
2.929188
3.464504
3.662711
4.004290
4.232577
3.685004
4.889171
3.415009
1.692309
1.856043
3.585722
2.643352
4.328069
4.616754
2.780848
3.927154
3.827824
3.374614
3.521663
3.642660
4.738984
4.050569
3.626956
3.989480
3.297304
3.203744
2.939809
3.299997
4.311135
3.320190
2.793458
3.854409
3.421480
3.618879
3.201183
3.158134
3.811529
1.508128
2.064134
3.727851
3.055579
3.509481
3.436042
3.247257
2.837936
3.392748
2.694288
3.036392
4.028545
3.832234
4.040887
4.047867
3.122809
3.671842
3.566957
3.246882
4.651630
3.225978
2.682440
3.324465
3.100590
4.366684
4.056319
3.244420
3.497456
2.900092
4.026470
3.171184
4.209764
3.909361
3.342681
3.694317
3.095127
3.561043
3.983221
4.003407
3.910982
3.794224
4.083817
2.949521
3.400289
4.506888
2.512956
3.291424
3.834679
3.508533
2.865812
3.494671
3.295466
3.842756
2.699743
3.325483
3.880208
2.033289
3.442610
3.236632
3.712087
3.619567
4.992245
3.905033
4.142676
3.433565
4.010946
4.126025
3.105493
3.351300
4.002292
3.604172
3.878342
3.451450
4.284767
4.053451
3.597006
4.118292
3.198570
3.984023
3.230347
2.711212
3.893099
4.122511
3.173304
4.347857
4.217386
4.115520
3.039066
4.170301
3.892507
2.983750
4.287353
3.491274
3.329264
3.529519
3.677013
2.878190
2.072911
4.423849
3.318116
3.869971
3.464790
2.984734
3.565590
2.336322
4.340568
4.229841
3.928682
2.968234
3.082538
3.316330
4.163532
3.503586
4.013008
4.186493
3.750769
3.622206
2.931362
2.981140
2.319525
3.465061
3.559335
3.412907
3.347956
3.296350
2.817976
3.035433
2.934671
4.125650
3.578857
3.028263
3.853038
3.246024
3.935454
1.734096
4.460240
2.845637
4.026973
3.075301
3.370335
3.492380
4.064929
2.344724
3.823247
3.273293
3.752182
4.464449
3.729013
2.621512
4.215391
3.672007
3.512559
3.677139
3.354267
4.610820
2.998499
2.938414
3.525522
3.488815
4.171790
2.915244
3.713040
2.574705
2.761286
3.573718
3.607569
3.747338
3.368523
3.642951
4.218111
3.673245
3.429362
2.787471
3.271837
3.676813
4.086498
4.664783
3.411087
3.580473
3.560965
3.072904
3.254046
2.199599
3.488766
2.721354
3.052922
2.999150
3.395416
3.638663
2.765506
1.912699
3.322639
3.518048
3.589203
3.506950
2.106772
3.724288
4.745089
2.813241
3.990577
2.291252
3.463988
3.400796
4.106537
3.545141
2.562101
3.089935
3.573577
4.206790
3.839888
3.859046
4.025200
3.455814
2.825862
3.025829
4.225794
3.081274
3.412986
3.823379
4.599545
4.644992
4.516750
3.446356
3.378135
4.010236
3.223960
2.940563
3.616691
3.473736
3.872849
2.522674
3.686717
3.247963
3.916451
3.387841
3.789441
2.807641
4.267829
4.078432
3.741502
2.867747
1.614231
3.761913
3.258371
3.501757
3.989209
3.404969
3.870841
3.578329
2.996932
2.430464
4.049845
3.938759
3.446557
3.289483
4.201502
3.138621
3.198639
3.007791
2.770875
2.418623
4.069676
3.342058
3.589039
2.847189
3.532500
4.279527
4.267734
2.892532
3.439486
2.966002
3.773634
4.098091
3.146978
4.195873
2.885760
2.921621
4.427099
2.954739
3.733761
3.865887
3.854017
3.791358
4.226355
3.589093
4.154427
2.873914
3.516146
4.108014
3.716840
3.757016
4.036631
3.662358
3.838707
4.157454
3.683446
3.616456
3.808901
3.946679
4.186767
3.444372
3.457094
2.863705
2.769737
3.577319
3.585542
3.382397
3.747067
3.751127
3.586591
3.175245
2.549677
3.883280
3.553520
4.066801
2.717480
4.526425
3.700668
3.992258
4.128789
3.112709
2.266885
3.241244
3.457881
2.016487
3.878561
2.275423
4.398636
3.011050
3.431716
3.327730
3.810606
4.016061
2.720848
3.548552
3.316174
3.781565
3.917965
3.854893
3.199438
3.805304
3.711912
2.581507
3.138952
3.131155
2.892374
2.977721
3.627050
3.524420
4.696157
3.827664
3.256137
3.723938
3.788984
3.301322
3.200353
3.826517
3.421313
3.587067
3.155567
3.225363
4.350221
3.996920
2.431028
4.263387
3.549781
4.524894
3.996038
3.651147
2.851805
3.779428
3.913867
4.154626
4.066052
4.161965
3.701092
3.723511
1.298117
3.871900
3.985595
3.954886
3.034787
4.042626
3.667906
4.263012
3.022137
3.238422
3.523562
4.205877
4.369426
2.867815
4.270655
3.450063
4.205784
3.463904
3.956346
3.973972
3.365982
3.178631
4.364252
3.491189
2.960197
4.264887
3.863994
2.787642
4.198077
4.094838
3.795858
3.460668
3.574521
4.100888
4.289168
3.370616
3.894194
4.441472
3.139743
3.608488
3.049763
2.416240
3.838222
3.882517
3.421745
3.088123
3.275727
3.993446
3.550484
3.339820
3.424503
4.224639
3.453560
2.459182
3.409250
3.841570
4.141703
3.340755
4.533251
3.178862
3.507789
3.230478
3.436363
3.556287
1.838427
3.799443
2.015145
4.042097
3.288976
2.840419
3.712801
4.048346
3.764584
3.435138
4.014696
4.239604
3.177904
3.484128
3.289965
2.654311
4.203534
3.145213
4.046138
2.657823
4.573128
3.673081
2.293457
3.654264
3.533336
3.486964
3.297725
3.563150
4.326315
3.294116
3.347677
3.367664
3.159344
3.692443
3.994197
3.153750
4.344997
4.343459
3.859085
2.437767
4.284856
4.345234
3.511147
3.189399
3.990154
4.036388
3.523952
4.044358
4.252649
3.360024
3.909556
2.648657
3.311429
2.235504
4.392571
3.556408
4.155584
3.886361
3.453727
3.138858
4.097553
3.971789
4.261841
3.645123
3.901363
3.667283
3.698492
4.154702
3.699642
1.297530
3.611011
3.113584
4.305698
3.481137
4.082099
2.901701
3.337327
3.226616
4.295077
3.149253
4.096282
3.413620
3.255344
3.500869
2.643744
3.502872
3.384321
3.626369
3.828838
4.130657
2.692230
2.842199
3.360562
3.898003
3.499236
3.180277
3.531986
2.766116
2.654327
3.361340
2.981991
4.062167
2.929184
3.087745
2.688525
3.633846
3.424895
2.875916
2.721505
3.566336
3.751822
4.098430
2.942756
3.870174
1.490997
4.338096
3.579789
3.879497
3.232315
2.624360
3.637212
4.063066
3.098777
3.333893
3.456910
3.388752
4.074245
3.018082
3.564150
2.952862
3.396871
3.379000
3.406980
4.091672
3.757648
3.994389
3.463911
4.041714
4.025404
4.474499
3.945741
3.331111
3.257955
3.996808
4.767485
2.524771
4.032048
3.693159
2.961687
3.750815
4.247294
3.389840
3.818413
3.596952
3.072332
3.234957
3.420716
2.036045
3.487613
3.674477
2.416508
4.137863
3.797865
3.553499
3.568144
3.350578
3.050290
3.086977
4.229218
3.263671
3.717808
3.325443
3.282639
2.805474
4.017202
3.851750
4.656017
2.570677
3.195427
3.216694
4.353172
3.677299
3.620243
3.758660
4.057992
3.901044
3.993690
3.363504
3.645220
4.514847
3.382038
3.712465
2.944923
3.364802
4.043049
2.719717
4.006465
3.403082
3.913917
4.107338
3.171615
4.243778
4.523399
4.550262
3.448419
3.565550
3.749842
4.118066
3.175894
4.165950
3.822498
3.561850
3.546602
2.217554
3.889581
3.590464
3.694995
3.190068
3.624879
2.535630
3.752518
3.715499
4.077504
4.918131
3.923654
3.069980
3.071261
3.346209
3.718764
3.830894
3.473776
3.144796
2.653090
4.282071
2.726411
3.416376
3.007388
3.513416
3.930459
3.994336
3.709800
3.774251
3.888475
3.959874
3.924049
3.757486
4.057163
3.716015
2.924820
3.616978
3.861573
3.589315
3.151320
3.414310
4.055018
3.804705
3.645121
2.994683
3.435739
3.182537
3.810310
2.709801
2.794378
4.188150
3.855661
4.332550
3.384803
3.269651
4.375658
4.575448
3.631128
3.108127
3.433069
2.458830
4.005069
3.774322
3.731191
4.345832
4.395697
4.327790
3.305824
3.852450
3.874433
4.351521
3.706906
2.591845
3.971502
2.483630
4.019822
2.369398
2.790850
3.132401
3.109654
4.242756
4.389684
3.360383
3.434271
3.566843
4.092572
4.414941
4.215780
4.024750
2.838556
3.704241
3.161404
3.908337
3.540455
4.032471
3.663641
3.724836
2.830417
3.088260
2.247508
3.837321
4.529605
2.972821
3.736059
2.574565
3.847286
2.938966
3.601541
4.399969
4.169724
3.695499
2.639552
2.676780
3.506847
2.949179
3.089917
3.867456
3.626504
3.045618
3.626409
3.539611
2.895449
3.180641
3.390834
3.053930
4.180986
3.406074
3.183251
4.169254
3.254501
4.008312
2.974259
3.187534
3.463557
3.719550
4.256126
3.879790
2.273947
4.046106
4.039428
4.154332
4.264539
3.146093
3.766573
3.590304
2.320905
3.138995
3.661347
3.973368
3.745803
2.855540
1.919748
3.876708
3.044975
3.321374
3.207801
2.541180
3.775734
3.796681
4.460112
3.597875
4.118458
3.557889
3.165048
3.274342
2.935282
3.384831
1.385562
4.152630
2.846843
3.250752
3.212687
3.668508
4.297184
3.596761
3.913226
3.124745
4.044377
4.808781
3.150348
3.729016
3.374759
4.082980
3.494982
4.069735
3.617752
3.495436
4.070061
3.905425
3.157058
3.826869
3.685074
3.648869
4.488567
2.104075
3.146633
4.393653
4.013320
3.267767
3.406338
2.942578
1.799579
3.004792
2.929532
3.157188
3.977385
3.272393
3.959584
3.504945
4.206489
2.981619
4.032216
2.947393
3.025724
3.533747
3.777388
2.829884
3.814691
3.362022
3.395628
3.187618
4.157785
3.215534
3.859288
3.985671
3.155655
4.015833
3.712281
1.876227
3.333433
3.052925
3.392459
3.750787
3.580639
3.832078
3.606144
2.810123
3.849581
3.628802
4.277802
3.273195
3.982741
4.006793
4.237211
4.184608
3.616867
3.837861
4.285274
2.140524
4.355567
2.716095
1.993242
3.233564
2.238453
3.434553
2.914528
3.939454
3.972814
2.984405
3.648856
2.383074
3.401035
2.692462
3.798748
2.678103
4.264212
2.503918
3.234381
3.104199
3.516933
2.834975
4.148466
3.523043
4.555734
3.913750
3.662868
4.689415
3.508775
3.207692
4.660461
3.517614
2.611162
4.097692
3.664563
3.119273
3.723351
4.041902
3.370276
4.024337
3.016032
2.821087
3.115120
4.052636
3.875551
2.993617
4.509321
2.590219
3.391287
3.383575
3.400256
3.378598
4.211582
4.194964
3.613733
3.826264
3.572475
4.582184
3.498758
3.422593
4.057562
3.028644
3.523590
3.486350
4.517670
4.131342
3.386382
3.749111
3.807241
3.376983
3.828575
3.625392
3.295177
4.072344
3.350156
3.898237
3.931789
3.101961
3.067028
4.067186
3.539058
4.165506
2.874421
3.758586
4.189260
4.137700
3.880549
3.623729
3.618308
3.883400
3.681188
3.429546
3.584175
1.935311
3.564959
3.843848
4.500562
3.357310
4.003014
2.692888
3.850550
3.264764
4.216011
3.586854
3.657996
4.108009
2.589787
3.175843
3.002871
3.483713
4.725481
2.801496
1.855887
4.014880
3.696688
3.258952
3.361379
1.997751
3.353023
3.645793
3.477232
4.021546
2.524297
3.791386
4.078867
3.391930
3.535566
3.849377
4.262957
2.808077
3.147449
2.759604
3.954371
4.437822
3.062460
3.965658
2.279487
3.111552
4.549521
3.892433
3.389342
3.704790
2.896698
4.432374
3.368236
4.017395
3.220712
2.653805
4.963601
3.721431
2.236376
3.988597
3.632558
3.599104
4.272710
3.284018
4.578051
2.554481
3.722981
3.468273
4.148466
2.643323
3.839501
2.353796
3.695742
3.267928
3.221679
3.801218
4.279704
3.781577
4.303359
3.215766
4.229969
3.017777
4.348217
4.039866
3.014225
4.606689
3.825464
3.369040
3.499226
4.079020
3.251637
4.085590
2.511954
4.463002
4.146169
3.734620
4.093362
3.154683
3.679005
4.092647
2.127528
2.417172
4.270025
3.515678
3.142085
3.227771
3.817361
3.175051
3.646940
3.993179
2.615192
3.419619
3.556257
3.712249
3.675266
3.794359
3.940976
4.269802
3.598868
3.833810
4.240893
4.031634
3.386316
3.732808
3.090407
3.789688
2.915399
2.699789
4.590559
3.109056
3.955002
2.981502
2.310584
3.097635
3.686806
4.172264
4.117459
2.336429
2.850242
4.228960
4.113748
3.789955
4.044727
3.176956
4.126176
2.764951
4.526502
2.778291
3.186155
3.600886
3.804741
4.013904
3.087940
4.691473
3.628658
3.848231
4.408694
3.520748
3.172870
3.119463
3.347246
4.160487
3.013807
3.597966
3.567617
2.983453
4.300212
1.982634
2.566413
3.050246
4.268584
3.922336
4.224214
2.768442
3.029913
3.459609
3.067597
3.845138
3.768128
4.053407
3.747092
4.152951
3.780805
4.002437
4.282563
4.697266
3.345143
4.042175
3.437292
4.362070
3.203281
3.378709
4.686430
3.106712
3.286469
3.349428
4.079218
3.859767
2.757400
2.574744
3.925145
3.304306
4.471992
2.411984
3.812843
2.070061
3.707872
1.991365
3.980581
3.578225
4.144167
3.698798
4.284477
4.440506
2.843613
3.547416
2.199444
4.430299
2.715667
4.216505
4.112481
4.088604
4.231166
3.954223
4.114461
2.990644
3.675417
3.881829
4.248309
3.180713
3.615408
4.578415
3.313517
2.682453
4.013429
3.137219
3.637609
3.664136
3.815286
2.389592
2.711157
3.119211
4.202198
4.193344
4.378098
4.004116
4.042754
3.771644
3.906694
3.090137
4.312825
4.296677
3.726687
4.098817
3.615620
2.394613
4.973756
3.742102
3.379663
2.877756
2.556627
3.282475
3.894616
3.770599
3.998125
3.416408
3.381822
4.367549
4.058589
2.862586
4.143505
3.422957
3.212323
3.332735
3.085852
3.254245
3.052238
3.940514
2.459989
3.880118
2.855093
3.039442
2.913709
4.224729
1.640433
3.692012
3.399368
3.432263
2.868430
2.474338
3.465621
2.727422
4.050857
2.753064
4.765065
3.384156
4.068113
3.753206
3.456884
4.051284
3.968156
3.535601
2.627863
3.766505
3.358496
3.502457
4.075069
3.579522
3.387669
3.303944
3.488291
3.046814
2.484455
2.664373
3.139025
4.334931
3.431838
2.685191
3.490146
3.127015
3.732225
3.238780
3.830411
3.389277
3.075801
3.232145
3.298798
4.147996
3.981487
3.179337
3.870370
3.977246
1.787567
3.358975
4.209616
3.730036
4.034567
2.346507
4.625371
2.703244
4.037027
2.879811
4.109607
4.126875
1.746125
3.206405
3.677125
4.660930
2.681384
3.752334
3.584806
3.784499
3.885876
3.236737
3.038753
3.121988
3.327138
3.241397
2.810396
2.713671
4.015410
3.503637
3.758151
3.263986
3.396948
3.477115
3.598715
2.778410
4.606563
2.576903
4.008055
3.522953
2.149226
2.947714
3.949549
3.986078
3.545783
4.363092
2.324014
3.642250
2.980279
3.705665
4.008692
3.179340
3.429321
3.172236
4.172237
3.809018
3.633325
3.471461
3.901627
4.185763
4.300599
3.181757
4.058227
3.455425
3.772372
3.811503
3.302274
3.650492
2.641640
3.595606
4.215705
3.286368
3.790683
3.448998
3.661949
3.258887
3.208732
3.939751
3.974978
3.681661
3.477666
3.861408
4.104326
3.867273
3.539979
3.611168
3.597332
1.854505
4.874502
1.842419
2.779174
4.046574
3.510818
4.025036
2.127613
1.704673
3.234204
3.896342
2.074016
3.729186
3.772503
3.561106
3.598723
3.925278
2.638233
3.696214
4.488918
4.466546
4.054627
2.598590
3.586757
3.481998
2.965155
3.440248
3.758986
4.156392
4.150673
2.741210
3.557879
2.875679
3.942450
4.682436
3.503643
3.763035
4.235452
4.507712
3.612331
4.091675
2.997968
3.853477
3.636186
3.207643
3.323134
3.308553
4.676975
4.049118
3.725868
1.824195
2.978596
3.824655
3.205388
2.838484
4.013649
3.139730
3.386367
3.196025
3.483936
3.665927
4.235539
3.496661
3.193007
4.011434
3.075161
3.650242
4.531614
3.732382
4.106030
2.948905
4.144327
3.667720
3.980504
3.981007
3.296210
3.014318
4.155660
3.235588
2.384626
4.449812
4.295217
3.437520
3.769082
3.352390
4.837769
3.977502
2.044809
4.087670
3.318749
2.644071
3.718996
4.338737
3.859584
4.111465
2.692761
4.015385
2.978429
2.392168
4.019482
3.834300
3.553273
3.983803
3.362762
4.172090
3.558898
4.288182
2.884139
2.767346
3.611776
2.847649
3.511104
3.067114
3.370125
3.432286
3.548036
3.826726
4.343650
2.953292
3.229950
3.546617
4.735253
3.206130
3.467753
3.066999
2.290452
3.153618
3.367153
3.748619
3.976733
3.902278
4.276640
3.440797
2.638883
2.868610
4.093830
3.764485
2.712184
4.069510
1.994084
4.609049
3.020413
4.137545
3.893706
3.287952
2.814214
2.797124
3.557582
2.668107
3.933662
4.063501
3.333270
3.050091
4.413718
4.046554
3.577976
4.253327
4.147045
2.403550
4.005173
3.284455
3.613575
4.111034
3.533969
3.603054
4.238021
4.188890
3.235872
3.720245
2.526268
2.773089
3.832255
4.081766
3.863257
3.018360
3.736950
3.529375
4.328822
2.735359
2.756373
3.604173
3.533124
3.251149
3.574878
2.563994
2.448917
2.476205
2.916710
4.166158
3.502738
2.923477
3.936893
3.343120
3.970114
3.634350
4.319655
3.421601
4.377696
3.689801
2.629558
4.176651
2.560141
3.456609
3.602779
3.752384
2.942146
2.468171
2.305325
3.340033
3.727112
4.164370
4.198019
3.504870
4.020943
3.972563
2.986801
3.869359
3.150386
3.883038
4.209610
3.822320
3.323406
3.566321
3.945079
3.508509
4.167135
3.158720
3.968486
2.549848
3.861206
3.675883
2.505367
3.567322
4.217118
4.012026
1.965137
3.862092
3.469904
2.792738
3.402366
3.501956
3.560245
3.837807
3.808463
4.236334
4.332847
3.927268
3.467675
3.706086
3.869621
3.431304
3.147756
4.098952
2.882073
3.782500
3.709170
2.563484
3.405778
3.058209
3.655559
2.863426
3.455059
2.662154
3.047599
3.798698
3.098285
3.213351
4.087374
3.731664
3.819413
4.759787
3.760145
3.960711
3.153346
3.494348
4.136404
4.213603
3.955460
4.351927
3.121259
4.172985
4.334426
2.815089
3.950843
2.701235
2.887783
4.261505
4.849076
4.013639
3.716403
3.478598
3.212721
3.548849
3.674614
3.739544
3.865880
3.566276
3.549009
3.757064
4.196551
3.530576
3.581635
3.739917
3.472494
4.281424
4.015027
3.520970
3.447633
3.750435
2.807339
2.742694
3.761538
4.080300
4.294704
3.621558
3.902256
3.953086
3.915896
2.573018
3.819540
2.830730
3.671263
3.209220
2.921293
2.690638
3.509824
3.508060
3.690145
3.666795
3.448375
3.797111
2.759830
4.033620
3.722563
2.947824
3.713199
2.786716
2.832354
3.924433
3.722954
3.882915
3.402661
3.436993
3.955916
3.699582
4.668727
4.138357
3.847947
3.437930
3.060382
3.992469
2.798646
4.065157
3.371839
3.547227
3.293018
3.878061
4.299251
2.783176
2.534246
3.519993
3.790971
3.442717
3.650636
4.281685
4.007910
4.021734
3.644266
4.017772
3.881801
3.660563
1.879676
3.579172
3.794988
3.761925
2.239671
3.735546
3.622596
3.285530
3.062046
4.164353
3.949961
3.744890
3.623841
2.874092
3.026226
3.316994
4.414528
3.628492
4.692438
2.944280
3.776077
2.383957
3.240138
4.188768
2.493554
3.862926
3.834022
3.663052
3.512020
1.861907
2.918219
4.355589
4.189255
3.440804
3.862390
2.426601
3.740815
3.962680
3.194552
4.078623
4.120510
4.502829
2.511282
3.876632
3.116966
3.938650
3.831390
4.107737
3.621671
3.301769
3.898456
2.413920
3.187338
3.925010
2.941008
3.976571
3.312571
3.929245
2.937127
4.242363
3.292187
4.053474
2.558972
3.075045
3.723166
2.878304
4.128226
3.404292
3.034371
3.632696
3.695566
4.218507
4.160226
2.851835
2.496195
4.047537
2.335614
3.426144
3.416521
3.424682
3.534514
3.511600
2.604062
3.257615
2.985291
3.071888
2.530781
3.663900
2.482770
3.653004
3.826610
3.873388
4.393982
4.569938
3.420863
3.833156
4.128367
3.312787
3.438929
3.782601
3.365323
4.038954
2.683936
4.024985
3.565164
3.629929
4.741147
3.207443
3.188557
3.386187
4.114739
2.806572
3.248609
2.853095
3.111546
2.383599
2.397243
3.868780
3.972708
3.795846
4.145786
3.524887
3.995974
2.734262
4.090933
4.058290
3.130787
3.698545
2.551681
4.317763
3.768528
3.321988
3.502094
4.061066
4.336520
3.532202
3.445018
3.136329
4.326842
4.147422
3.589335
3.713472
3.358558
4.180367
3.610584
3.513296
3.278688
3.643649
3.804100
3.662261
3.723192
3.299793
4.455156
2.518739
2.416890
3.937264
3.335392
3.896822
3.652809
2.102514
1.646724
4.031777
3.347130
3.963368
3.054608
3.354515
2.799424
3.341662
3.345748
3.318494
4.389044
3.615571
3.369169
4.293538
3.903966
2.570136
4.320961
3.992680
3.642335
3.732752
3.888737
3.600806
3.105415
4.319123
3.246998
4.027369
3.494689
3.450122
3.487465
2.711326
4.189630
3.613423
3.943114
3.362516
3.197010
4.680651
3.742251
4.117929
3.033275
3.185581
3.771413
3.203014
4.048641
3.143607
3.601159
1.985220
3.347521
3.047428
3.303182
4.373180
2.969611
3.282425
4.629315
3.471374
3.571787
2.092947
3.570929
3.254159
4.133031
3.322542
3.478311
3.549200
3.557031
3.770257
4.585587
3.492432
4.143733
3.308684
3.680064
2.783476
3.414725
2.831509
4.177992
4.336135
2.822781
3.410433
3.934684
3.548581
2.202985
3.271074
3.571710
2.610241
3.385910
3.954376
4.184664
3.088971
3.136156
3.731154
3.926342
2.791722
4.768603
3.126405
3.297510
3.485780
2.169536
4.592345
3.522967
3.810317
4.623116
3.909550
2.498656
4.265511
2.799449
3.672334
4.178492
4.150698
3.090867
3.418439
3.595218
3.996175
4.126738
2.798803
3.957710
3.856895
4.037719
2.800237
3.264338
4.287783
3.685198
2.715638
4.594485
3.651956
3.611938
3.909743
3.336666
4.116606
2.424337
2.882076
3.774151
3.687193
3.664054
3.322534
3.182964
3.928236
3.566818
3.490844
1.980899
3.366557
4.027826
3.506146
3.771143
4.335082
4.660908
4.280604
3.306449
3.570983
3.736203
4.171370
3.619928
1.823213
3.622446
2.491449
2.209610
3.391230
3.683816
4.084788
3.367663
3.923444
3.888720
2.284278
3.750669
2.898926
3.448511
3.340624
3.580411
4.096473
3.475584
3.296909
3.783667
3.358237
3.992919
3.517060
3.650536
2.684524
4.478682
3.896111
3.841607
3.727268
3.308573
3.241681
3.794992
2.462942
3.479923
3.987566
1.461786
3.296047
3.212944
3.733374
3.645699
3.512899
3.629456
4.031065
3.671705
2.436586
3.953530
4.253702
3.825224
4.167456
2.603728
3.356158
4.237780
2.941454
4.428814
3.216274
3.846243
3.511906
3.688152
3.006575
4.344121
3.141709
3.811536
3.735793
4.719478
2.456577
4.347630
3.783510
3.825870
3.291037
4.301239
3.342344
3.456825
3.229771
3.826375
3.568094
3.545804
3.449363
2.959807
3.046500
4.056677
3.035769
3.082951
3.448476
3.826510
3.817035
3.447569
4.289086
3.654048
2.453693
4.442003
3.651428
3.774836
3.436456
3.580190
4.387772
4.755353
3.763462
4.375267
2.980997
4.375225
3.564122
2.155565
4.251911
3.400202
3.061985
2.940984
4.460168
3.856933
3.112551
4.374596
3.669380
3.014612
3.029532
2.974050
3.620974
2.743602
4.180698
4.224238
3.826138
3.356830
3.389335
3.576875
4.386037
3.754074
3.170196
3.805685
3.612512
3.041145
3.519821
3.684036
3.954737
2.833456
4.257207
3.197193
2.873194
3.306996
4.182501
3.746884
3.214902
3.181722
3.805557
2.592780
2.714218
3.442750
4.197146
3.775262
2.175228
4.104465
3.980164
4.540413
4.095265
3.682577
4.034961
4.345625
3.927851
3.478380
4.066229
3.544002
4.096752
3.048183
3.888206
4.279868
2.875928
3.999245
2.953723
3.527782
3.457736
3.919395
3.543153
4.335520
2.488737
2.680488
3.195504
3.493573
3.979069
3.836573
3.295603
3.252083
4.263617
3.961296
3.382949
4.032135
3.426468
3.943861
3.630126
3.664850
2.468362
2.920893
3.894678
3.757640
3.478938
3.881215
4.148724
4.115456
3.804658
3.500120
3.589392
3.408303
4.317662
4.011041
2.336802
3.186626
4.333611
4.225265
4.183167
3.806227
3.938911
3.251868
4.134429
2.913983
3.292167
3.405559
4.212915
2.961796
4.038489
4.144048
3.084377
3.602530
4.527596
3.402877
3.348153
3.396867
3.019370
4.643031
3.046404
4.080639
3.697686
3.802289
3.726261
3.760239
3.794167
3.881714
4.272527
2.700392
3.517923
3.377744
3.478840
3.236708
3.707523
3.897707
3.219109
3.386879
4.411580
2.076922
3.115815
3.453612
3.625459
3.874819
3.288633
4.019950
3.332945
3.973090
3.704964
3.355244
3.296740
3.813843
2.205091
2.499431
4.163428
3.881581
3.562997
4.563583
3.518004
3.658052
3.192468
3.725541
3.935581
3.219918
3.516906
3.922646
3.882469
4.019504
3.099801
4.387228
2.992733
3.167201
3.278005
4.084499
3.184371
4.091348
3.087535
3.451143
4.037678
3.356807
4.221573
3.094109
2.784595
2.822306
4.112373
3.528117
4.321500
2.462476
4.273963
3.906574
3.807271
4.341896
4.435498
4.029211
3.713147
3.820964
1.131246
2.972486
3.892617
4.501088
3.404402
3.531454
4.384061
3.706077
4.027594
4.040593
2.806255
4.001479
3.609450
3.066417
4.559948
3.288719
3.576702
3.238976
2.938409
3.566884
2.342898
2.733109
4.126784
3.829481
3.325020
4.110657
3.769306
4.005956
1.966475
3.804048
4.038832
2.995617
2.241135
3.647099
3.880935
3.518059
3.740639
4.069329
3.384418
3.571997
4.296531
4.425774
4.065292
3.237289
3.223288
3.004060
3.423389
4.256199
3.726483
2.750257
3.315924
3.069470
4.332242
3.268078
3.611443
3.957678
3.600050
2.454287
4.238457
4.679022
3.602948
3.087372
3.180770
4.176939
3.174907
1.185658
3.453376
3.118341
3.423432
4.145433
2.192630
3.589350
3.722871
3.521155
3.076403
3.245776
3.945331
3.266829
3.865590
2.966675
2.443335
4.479389
3.962459
3.750345
3.958324
2.718597
3.794890
2.647605
3.982778
3.095244
3.675579
3.386064
3.657312
3.130780
2.480674
3.725406
3.857163
4.032826
3.683680
4.127512
3.077130
3.952248
4.396848
3.064781
2.958836
4.297728
3.242710
2.749813
3.426900
3.931818
4.343970
3.994315
3.598503
3.748190
3.531746
4.796786
3.765055
4.292497
3.024150
3.348954
4.225495
3.615223
4.150029
3.866147
2.630597
3.682641
2.478400
3.568410
3.533215
4.232738
2.476239
4.013954
5.000000
3.564226
3.796947
3.307061
4.861464
3.350681
4.548068
3.853912
3.467723
4.219502
3.492416
4.777307
3.735142
4.201033
4.029141
3.184870
4.031123
4.137544
3.569413
3.267223
1.724718
3.274562
3.530085
3.576876
3.525779
3.877119
3.330564
3.470052
2.800644
3.977611
2.639298
3.709876
4.051519
3.663790
2.401063
3.160217
3.402359
3.292418
3.788140
2.994722
3.857401
3.541269
4.115690
1.278851
2.927743
3.865179
3.775729
3.753212
4.096343
3.262857
3.244295
3.744413
4.275541
3.452732
3.574224
3.072469
3.361256
2.564813
2.278225
4.482001
4.189016
3.624941
2.789468
3.055170
3.549146
3.714029
3.783326
4.154649
3.982579
3.018152
4.263954
4.060924
3.472556
3.754190
3.064700
3.267934
3.230261
2.660913
4.194570
3.118003
4.136551
4.105366
3.545203
2.832801
3.513142
2.947360
2.994686
2.300610
4.596582
3.267970
2.720931
3.547265
3.402059
4.012388
3.811517
3.973753
3.255738
4.179129
1.823396
3.732463
4.400369
3.528509
2.592124
3.606809
3.152042
4.222187
3.893998
3.291800
3.862177
3.806676
2.249513
3.215478
3.635626
3.517208
3.363514
4.024232
3.738513
3.868422
3.262011
4.452955
2.502120
3.566105
3.283785
3.585186
2.906613
3.849572
1.687518
4.090241
3.764115
4.454165
3.434787
3.048957
3.714778
3.041390
4.001221
3.089175
3.569917
3.895503
3.605173
3.122113
3.061643
2.626743
3.783183
3.056810
4.370360
3.687240
2.899815
3.981125
2.804106
3.630243
4.352158
3.135336
4.025386
2.469544
2.895548
3.442705
3.963585
4.193142
4.057259
4.193711
3.424117
3.667304
2.667087
3.698143
4.005477
1.684110
3.890556
3.966524
3.809480
3.786516
3.728427
4.523601
4.065741
3.631337
3.955510
3.117338
3.890898
3.496824
4.495425
2.926079
3.771587
4.494076
4.304402
3.625659
2.371540
3.671249
4.176060
4.277195
4.587398
4.045101
3.578829
3.724964
3.744396
3.979232
3.186799
4.418866
2.726394
3.738285
1.850667
3.079110
3.571538
2.979450
3.429404
2.793743
3.288794
1.772886
3.259053
3.757525
3.575835
4.254923
3.217581
3.561122
3.121832
4.292902
4.579793
4.014381
2.958528
3.743461
3.266837
3.994513
3.895135
4.021301
3.460183
3.160368
3.705233
3.714627
3.626443
3.717641
3.306637
3.535007
3.206133
2.899767
2.555191
3.291969
4.138939
3.805197
3.692702
4.040010
2.674686
3.951661
3.908938
3.303826
2.804118
2.425989
3.750305
3.918950
3.475872
3.278880
3.422834
3.192383
3.678504
3.234964
3.958973
3.523167
4.605897
3.694634
3.847995
3.946469
2.848904
3.330821
3.259092
3.579382
3.317096
3.260284
2.885790
3.599103
3.840441
3.481176
3.730647
4.425517
3.410385
3.494424
3.402738
3.748925
4.346640
3.588663
2.977918
3.709311
3.832627
3.531824
2.401264
4.163384
3.972374
3.874793
4.294806
3.828860
3.829489
4.640823
3.287949
3.734267
3.349406
3.583057
4.385968
3.519308
3.661582
4.589171
1.803286
4.626968
3.365784
3.091080
3.285580
3.814306
3.541398
3.822643
4.032087
3.672285
3.111172
4.315108
3.021148
2.714950
2.171355
3.765514
3.866470
3.665574
3.902305
3.116617
3.994100
3.535502
4.418602
3.788610
4.155255
3.805717
3.459272
3.626463
3.840708
4.327881
4.123760
2.215654
3.811610
3.905408
3.734607
4.583731
3.407779
3.144961
3.965999
3.167471
3.169568
3.927982
3.072071
3.456133
4.394692
3.260332
3.189980
4.443141
3.309405
3.701977
2.306791
2.810298
2.761007
2.903266
3.808567
3.569970
4.294930
3.627370
3.286201
3.607163
4.054958
2.234352
4.197584
3.762146
4.038362
3.923748
4.085519
3.299381
3.024162
2.853401
2.873363
2.296785
4.006522
1.768756
3.563189
3.273720
4.119827
3.221054
3.560508
3.520935
3.656211
3.843799
2.756225
3.917551
4.130686
3.488395
2.684723
3.831193
3.888848
2.010748
4.201234
3.932779
3.782518
3.602802
3.616918
3.407082
3.905633
3.501519
3.678754
4.189147
2.993172
3.615164
3.682198
2.304883
4.459091
3.893994
2.827859
3.978203
1.491295
3.943171
3.696740
3.547256
3.994048
3.608089
2.002336
1.497770
3.843469
4.739614
4.094634
2.748268
3.197474
3.404825
3.757429
3.826882
3.549348
3.374816
3.505277
2.915323
3.522855
4.096816
3.109806
4.250902
3.884429
3.492408
4.329268
4.403191
4.110825
2.944055
3.122849
4.108557
3.245635
4.217355
3.771044
3.930380
4.716997
3.204581
3.210523
2.893424
3.659163
4.465982
2.909135
3.460889
3.121013
3.891049
4.065546
3.930415
4.019837
2.554092
3.270798
3.546764
3.235256
3.734436
2.030414
4.319761
3.587486
3.718838
4.353565
4.274894
3.369538
3.727241
3.475696
3.707434
3.831650
2.827874
3.247369
3.727883
3.673254
2.266353
3.834694
2.075816
3.835329
2.804759
3.893038
4.261843
3.404381
2.217771
2.380909
3.683584
3.832969
2.690040
3.489774
2.876161
3.483552
4.251288
3.786736
2.503506
3.771734
3.048803
4.507104
4.204867
2.941474
3.240750
3.373353
4.089579
3.436836
4.442786
2.651297
4.326918
3.694232
3.022666
3.687952
4.035907
3.864982
4.291666
3.412781
3.535356
4.543768
3.577750
3.757701
3.790774
3.103329
3.297663
2.599155
3.098931
3.967343
3.945929
3.918734
3.764021
3.684855
4.132137
3.864748
3.018535
3.721829
3.740376
3.271158
4.243521
3.768398
4.342803
2.860695
4.496844
2.960864
4.041925
3.729000
4.411382
4.399027
3.387596
3.282671
3.940993
3.705631
4.146072
3.798725
2.702528
3.727181
2.733620
3.598949
3.549973
2.041188
3.717511
2.674810
3.245674
3.337202
3.593148
3.788600
4.098692
2.821354
3.807962
4.083606
3.526331
3.064613
3.230614
4.363319
3.328763
4.035780
3.488204
4.050447
4.085489
3.073473
3.815837
3.753884
3.430714
2.811483
3.570091
3.759715
3.466530
3.848396
3.790434
3.518016
3.798695
3.624233
3.117140
4.205945
3.695679
3.890943
3.912683
4.327869
1.175073
3.071212
4.057810
3.927322
2.469747
4.368895
3.675232
3.365652
2.361243
4.084927
3.853840
2.436276
3.297197
3.951827
4.213514
3.638553
2.995666
3.294640
3.841857
3.783264
3.582589
4.251729
3.482735
3.998346
3.848232
3.788864
3.688662
3.354836
3.837493
3.389285
4.257271
2.072949
4.424522
2.976690
3.787771
3.920040
3.110030
4.230708
4.023503
3.756100
3.148838
3.848253
4.240199
3.299720
3.597163
3.140436
2.653764
2.868039
2.754393
4.084395
3.744705
3.449640
3.527971
3.249364
3.122406
2.705376
4.287075
3.584139
3.875439
3.249399
3.454570
2.882847
3.675482
3.754473
3.786502
3.346343
3.557882
4.225151
3.726448
3.781807
3.818624
3.275526
3.441882
3.843641
4.130345
4.154854
4.221665
3.902653
3.702496
3.478835
3.890498
3.453584
2.251961
3.716932
3.037953
2.816952
4.235992
4.204403
3.323014
4.077952
4.330953
2.490336
2.614922
4.270546
3.224860
3.094662
3.556054
4.319266
3.002580
3.068772
2.540225
4.061180
3.326184
3.843950
2.923792
3.439526
3.818142
2.523820
3.733942
3.646706
3.314479
3.471844
3.414522
4.579219
3.716756
2.771997
4.434772
3.671018
3.405065
2.757335
4.049042
2.738786
4.740954
3.613706
3.504116
3.495125
3.672527
3.031142
2.058515
2.946642
3.810697
3.196034
3.521190
1.700895
3.350566
3.006924
2.113041
3.621817
4.413146
3.913294
3.572234
4.481379
4.288426
3.558310
4.151992
4.195709
3.338680
2.938010
